equangular test
0, 14.616, 0.000, 14.616, 0.000, 14.616, 0.000
1, 14.616, 0.004, 14.616, 0.004, 14.616, 0.006
2, 14.616, 0.009, 14.616, 0.009, 14.617, 0.013
3, 14.617, 0.013, 14.617, 0.013, 14.617, 0.019
4, 14.617, 0.017, 14.617, 0.017, 14.618, 0.025
5, 14.617, 0.022, 14.617, 0.022, 14.618, 0.031
6, 14.618, 0.026, 14.618, 0.026, 14.620, 0.038
7, 14.618, 0.030, 14.618, 0.031, 14.622, 0.044
8, 14.619, 0.035, 14.619, 0.035, 14.625, 0.050
9, 14.621, 0.039, 14.621, 0.039, 14.628, 0.056
10, 14.622, 0.043, 14.622, 0.044, 14.632, 0.063
11, 14.624, 0.048, 14.624, 0.048, 14.636, 0.069
12, 14.626, 0.052, 14.626, 0.052, 14.641, 0.075
13, 14.628, 0.056, 14.628, 0.057, 14.646, 0.081
14, 14.631, 0.061, 14.631, 0.061, 14.653, 0.087
15, 14.633, 0.065, 14.633, 0.065, 14.659, 0.094
16, 14.636, 0.069, 14.637, 0.070, 14.666, 0.100
17, 14.640, 0.074, 14.641, 0.074, 14.674, 0.106
18, 14.644, 0.078, 14.644, 0.079, 14.683, 0.112
19, 14.647, 0.082, 14.648, 0.083, 14.692, 0.119
20, 14.652, 0.086, 14.653, 0.087, 14.701, 0.125
21, 14.656, 0.091, 14.657, 0.092, 14.711, 0.131
22, 14.661, 0.095, 14.662, 0.096, 14.722, 0.137
23, 14.666, 0.100, 14.667, 0.100, 14.733, 0.143
24, 14.671, 0.104, 14.672, 0.105, 14.744, 0.149
25, 14.677, 0.108, 14.678, 0.109, 14.756, 0.156
26, 14.683, 0.112, 14.684, 0.113, 14.768, 0.162
27, 14.689, 0.117, 14.691, 0.118, 14.780, 0.168
28, 14.695, 0.121, 14.697, 0.122, 14.793, 0.174
29, 14.702, 0.125, 14.704, 0.127, 14.804, 0.180
30, 14.709, 0.130, 14.711, 0.131, 14.818, 0.186
31, 14.716, 0.134, 14.718, 0.135, 14.830, 0.192
32, 14.724, 0.138, 14.726, 0.140, 14.843, 0.198
33, 14.732, 0.143, 14.734, 0.144, 14.857, 0.205
34, 14.740, 0.147, 14.742, 0.148, 14.869, 0.211
35, 14.748, 0.152, 14.750, 0.153, 14.883, 0.217
36, 14.756, 0.156, 14.759, 0.157, 14.896, 0.223
37, 14.765, 0.160, 14.767, 0.161, 14.911, 0.229
38, 14.773, 0.164, 14.776, 0.166, 14.925, 0.235
39, 14.782, 0.169, 14.785, 0.170, 14.940, 0.241
40, 14.791, 0.173, 14.794, 0.175, 14.956, 0.247
41, 14.799, 0.177, 14.802, 0.179, 14.972, 0.253
42, 14.808, 0.182, 14.811, 0.183, 14.989, 0.259
43, 14.818, 0.186, 14.821, 0.188, 15.007, 0.265
44, 14.827, 0.191, 14.830, 0.192, 15.025, 0.271
45, 14.836, 0.195, 14.839, 0.196, 15.043, 0.277
46, 14.845, 0.199, 14.848, 0.201, 15.062, 0.283
47, 14.855, 0.204, 14.858, 0.205, 15.082, 0.289
48, 14.864, 0.208, 14.867, 0.209, 15.101, 0.295
49, 14.873, 0.212, 14.876, 0.214, 15.122, 0.301
50, 14.883, 0.217, 14.886, 0.218, 15.143, 0.306
51, 14.892, 0.221, 14.895, 0.223, 15.164, 0.312
52, 14.902, 0.225, 14.906, 0.227, 15.187, 0.318
53, 14.913, 0.230, 14.916, 0.231, 15.209, 0.324
54, 14.923, 0.234, 14.927, 0.236, 15.232, 0.330
55, 14.934, 0.238, 14.938, 0.240, 15.257, 0.336
56, 14.945, 0.243, 14.949, 0.244, 15.281, 0.341
57, 14.956, 0.247, 14.961, 0.249, 15.306, 0.347
58, 14.968, 0.251, 14.973, 0.253, 15.331, 0.353
59, 14.980, 0.256, 14.985, 0.257, 15.356, 0.359
60, 14.992, 0.260, 14.997, 0.262, 15.382, 0.364
61, 15.005, 0.264, 15.010, 0.266, 15.409, 0.370
62, 15.018, 0.269, 15.023, 0.271, 15.436, 0.376
63, 15.031, 0.273, 15.037, 0.275, 15.463, 0.381
64, 15.044, 0.277, 15.050, 0.279, 15.491, 0.387
65, 15.058, 0.282, 15.065, 0.284, 15.518, 0.393
66, 15.072, 0.286, 15.079, 0.288, 15.546, 0.398
67, 15.087, 0.290, 15.094, 0.292, 15.574, 0.404
68, 15.101, 0.295, 15.108, 0.297, 15.602, 0.409
69, 15.116, 0.299, 15.124, 0.301, 15.631, 0.415
70, 15.132, 0.303, 15.140, 0.305, 15.661, 0.420
71, 15.147, 0.308, 15.155, 0.310, 15.690, 0.426
72, 15.163, 0.312, 15.171, 0.314, 15.720, 0.431
73, 15.180, 0.316, 15.188, 0.319, 15.750, 0.437
74, 15.196, 0.321, 15.205, 0.323, 15.780, 0.442
75, 15.213, 0.325, 15.222, 0.327, 15.811, 0.448
76, 15.230, 0.329, 15.240, 0.332, 15.842, 0.453
77, 15.248, 0.333, 15.258, 0.336, 15.874, 0.459
78, 15.266, 0.338, 15.276, 0.340, 15.905, 0.464
79, 15.284, 0.342, 15.295, 0.345, 15.937, 0.469
80, 15.303, 0.347, 15.314, 0.349, 15.969, 0.475
81, 15.322, 0.351, 15.334, 0.353, 16.002, 0.480
82, 15.341, 0.355, 15.353, 0.358, 16.034, 0.486
83, 15.360, 0.359, 15.372, 0.362, 16.066, 0.491
84, 15.380, 0.364, 15.393, 0.367, 16.098, 0.496
85, 15.401, 0.368, 15.413, 0.371, 16.131, 0.502
86, 15.421, 0.373, 15.434, 0.375, 16.164, 0.507
87, 15.442, 0.377, 15.455, 0.380, 16.196, 0.512
88, 15.463, 0.381, 15.476, 0.384, 16.229, 0.517
89, 15.484, 0.386, 15.498, 0.388, 16.263, 0.523
90, 15.506, 0.390, 15.519, 0.393, 16.297, 0.528
91, 15.527, 0.394, 15.540, 0.397, 16.332, 0.533
92, 15.548, 0.399, 15.562, 0.401, 16.366, 0.538
93, 15.570, 0.403, 15.584, 0.406, 16.402, 0.543
94, 15.592, 0.407, 15.607, 0.410, 16.438, 0.548
95, 15.614, 0.412, 15.629, 0.415, 16.474, 0.554
96, 15.637, 0.416, 15.652, 0.419, 16.510, 0.559
97, 15.660, 0.420, 15.676, 0.423, 16.547, 0.564
98, 15.683, 0.425, 15.699, 0.428, 16.584, 0.569
99, 15.706, 0.429, 15.723, 0.432, 16.621, 0.574
100, 15.730, 0.433, 15.746, 0.436, 16.659, 0.579
101, 15.754, 0.438, 15.771, 0.441, 16.697, 0.584
102, 15.778, 0.442, 15.795, 0.445, 16.736, 0.589
103, 15.803, 0.447, 15.820, 0.449, 16.773, 0.594
104, 15.828, 0.451, 15.845, 0.454, 16.814, 0.599
105, 15.853, 0.455, 15.871, 0.458, 16.853, 0.603
106, 15.878, 0.459, 15.896, 0.463, 16.893, 0.608
107, 15.903, 0.464, 15.922, 0.467, 16.933, 0.613
108, 15.929, 0.468, 15.948, 0.471, 16.973, 0.618
109, 15.955, 0.472, 15.974, 0.476, 17.015, 0.623
110, 15.981, 0.477, 16.000, 0.480, 17.055, 0.628
111, 16.008, 0.481, 16.026, 0.484, 17.097, 0.632
112, 16.034, 0.486, 16.053, 0.489, 17.139, 0.637
113, 16.061, 0.490, 16.079, 0.493, 17.183, 0.642
114, 16.086, 0.494, 16.106, 0.497, 17.225, 0.647
115, 16.114, 0.499, 16.133, 0.502, 17.268, 0.651
116, 16.141, 0.503, 16.160, 0.506, 17.310, 0.656
117, 16.168, 0.507, 16.187, 0.511, 17.352, 0.661
118, 16.195, 0.512, 16.214, 0.515, 17.395, 0.665
119, 16.222, 0.516, 16.242, 0.519, 17.439, 0.670
120, 16.250, 0.521, 16.269, 0.524, 17.482, 0.675
121, 16.277, 0.525, 16.298, 0.528, 17.526, 0.679
122, 16.306, 0.529, 16.327, 0.532, 17.568, 0.684
123, 16.335, 0.534, 16.356, 0.537, 17.612, 0.688
124, 16.364, 0.538, 16.387, 0.541, 17.656, 0.693
125, 16.394, 0.542, 16.417, 0.545, 17.700, 0.697
126, 16.424, 0.546, 16.447, 0.550, 17.744, 0.702
127, 16.454, 0.551, 16.478, 0.554, 17.788, 0.706
128, 16.485, 0.555, 16.510, 0.559, 17.833, 0.711
129, 16.516, 0.559, 16.541, 0.563, 17.878, 0.715
130, 16.548, 0.564, 16.573, 0.567, 17.923, 0.720
131, 16.579, 0.568, 16.605, 0.572, 17.967, 0.724
132, 16.612, 0.573, 16.638, 0.576, 18.012, 0.729
133, 16.645, 0.577, 16.671, 0.580, 18.058, 0.733
134, 16.678, 0.581, 16.705, 0.585, 18.103, 0.737
135, 16.711, 0.586, 16.738, 0.589, 18.148, 0.742
136, 16.745, 0.590, 16.771, 0.593, 18.193, 0.746
137, 16.777, 0.594, 16.807, 0.598, 18.240, 0.751
138, 16.813, 0.599, 16.842, 0.602, 18.285, 0.755
139, 16.848, 0.603, 16.877, 0.607, 18.332, 0.759
140, 16.883, 0.607, 16.914, 0.611, 18.378, 0.763
141, 16.919, 0.612, 16.949, 0.615, 18.425, 0.768
142, 16.954, 0.616, 16.987, 0.620, 18.472, 0.772
143, 16.992, 0.620, 17.024, 0.624, 18.519, 0.776
144, 17.029, 0.624, 17.060, 0.628, 18.566, 0.780
145, 17.065, 0.629, 17.099, 0.633, 18.613, 0.785
146, 17.105, 0.633, 17.138, 0.637, 18.661, 0.789
147, 17.143, 0.638, 17.178, 0.641, 18.707, 0.793
148, 17.183, 0.642, 17.217, 0.646, 18.755, 0.797
149, 17.222, 0.646, 17.258, 0.650, 18.802, 0.801
150, 17.262, 0.651, 17.297, 0.654, 18.849, 0.806
151, 17.301, 0.655, 17.336, 0.659, 18.896, 0.810
152, 17.342, 0.660, 17.376, 0.663, 18.944, 0.814
153, 17.381, 0.664, 17.417, 0.668, 18.992, 0.818
154, 17.422, 0.668, 17.458, 0.672, 19.039, 0.822
155, 17.463, 0.673, 17.499, 0.676, 19.087, 0.826
156, 17.504, 0.677, 17.540, 0.681, 19.134, 0.830
157, 17.545, 0.681, 17.581, 0.685, 19.182, 0.834
158, 17.586, 0.686, 17.623, 0.689, 19.229, 0.838
159, 17.628, 0.690, 17.665, 0.694, 19.277, 0.842
160, 17.670, 0.694, 17.707, 0.698, 19.326, 0.847
161, 17.713, 0.699, 17.750, 0.702, 19.374, 0.851
162, 17.755, 0.703, 17.793, 0.707, 19.421, 0.855
163, 17.798, 0.707, 17.836, 0.711, 19.470, 0.859
164, 17.841, 0.712, 17.880, 0.716, 19.517, 0.863
165, 17.885, 0.716, 17.924, 0.720, 19.565, 0.867
166, 17.929, 0.720, 17.967, 0.724, 19.613, 0.871
167, 17.973, 0.725, 18.012, 0.729, 19.662, 0.874
168, 18.017, 0.729, 18.057, 0.733, 19.711, 0.878
169, 18.062, 0.734, 18.102, 0.737, 19.758, 0.882
170, 18.107, 0.738, 18.147, 0.742, 19.806, 0.886
171, 18.152, 0.742, 18.192, 0.746, 19.855, 0.890
172, 18.197, 0.747, 18.240, 0.750, 19.903, 0.894
173, 18.244, 0.751, 18.284, 0.755, 19.951, 0.898
174, 18.290, 0.755, 18.332, 0.759, 19.999, 0.902
175, 18.337, 0.760, 18.379, 0.764, 20.046, 0.906
176, 18.384, 0.764, 18.427, 0.768, 20.094, 0.910
177, 18.432, 0.768, 18.476, 0.772, 20.142, 0.914
178, 18.480, 0.773, 18.523, 0.777, 20.189, 0.917
179, 18.528, 0.777, 18.572, 0.781, 20.236, 0.921
180, 18.577, 0.781, 18.621, 0.785, 20.284, 0.925
181, 18.626, 0.786, 18.670, 0.790, 20.330, 0.929
182, 18.675, 0.790, 18.719, 0.794, 20.377, 0.933
183, 18.724, 0.795, 18.768, 0.798, 20.423, 0.937
184, 18.774, 0.799, 18.817, 0.803, 20.469, 0.941
185, 18.822, 0.803, 18.867, 0.807, 20.514, 0.945
186, 18.873, 0.808, 18.917, 0.812, 20.560, 0.948
187, 18.923, 0.812, 18.967, 0.816, 20.606, 0.952
188, 18.974, 0.817, 19.018, 0.820, 20.650, 0.956
189, 19.024, 0.821, 19.069, 0.825, 20.695, 0.960
190, 19.075, 0.825, 19.119, 0.829, 20.740, 0.964
191, 19.126, 0.830, 19.171, 0.833, 20.784, 0.968
192, 19.177, 0.834, 19.221, 0.838, 20.828, 0.972
193, 19.228, 0.838, 19.273, 0.842, 20.872, 0.975
194, 19.280, 0.843, 19.326, 0.846, 20.915, 0.979
195, 19.332, 0.847, 19.377, 0.851, 20.958, 0.983
196, 19.384, 0.851, 19.429, 0.855, 21.001, 0.987
197, 19.436, 0.856, 19.482, 0.860, 21.044, 0.991
198, 19.489, 0.860, 19.533, 0.864, 21.086, 0.995
199, 19.541, 0.865, 19.587, 0.868, 21.128, 0.999
200, 19.594, 0.869, 19.639, 0.873, 21.169, 1.002
201, 19.647, 0.873, 19.694, 0.877, 21.211, 1.006
202, 19.701, 0.878, 19.747, 0.881, 21.253, 1.010
203, 19.754, 0.882, 19.799, 0.886, 21.294, 1.014
204, 19.808, 0.887, 19.853, 0.890, 21.334, 1.018
205, 19.862, 0.891, 19.907, 0.894, 21.374, 1.022
206, 19.915, 0.895, 19.961, 0.899, 21.415, 1.025
207, 19.969, 0.900, 20.014, 0.903, 21.454, 1.029
208, 20.023, 0.904, 20.068, 0.908, 21.493, 1.033
209, 20.077, 0.908, 20.122, 0.912, 21.532, 1.037
210, 20.131, 0.913, 20.175, 0.916, 21.571, 1.041
211, 20.185, 0.917, 20.228, 0.921, 21.611, 1.045
212, 20.238, 0.922, 20.281, 0.925, 21.650, 1.048
213, 20.292, 0.926, 20.334, 0.929, 21.688, 1.052
214, 20.345, 0.930, 20.387, 0.934, 21.727, 1.056
215, 20.398, 0.935, 20.438, 0.938, 21.765, 1.060
216, 20.450, 0.939, 20.490, 0.942, 21.803, 1.064
217, 20.502, 0.943, 20.541, 0.947, 21.840, 1.068
218, 20.554, 0.948, 20.593, 0.951, 21.878, 1.071
219, 20.606, 0.952, 20.644, 0.956, 21.916, 1.075
220, 20.657, 0.957, 20.694, 0.960, 21.953, 1.079
221, 20.708, 0.961, 20.745, 0.964, 21.990, 1.083
222, 20.759, 0.965, 20.795, 0.969, 22.027, 1.087
223, 20.809, 0.970, 20.844, 0.973, 22.065, 1.090
224, 20.859, 0.974, 20.894, 0.977, 22.102, 1.094
225, 20.909, 0.979, 20.943, 0.982, 22.139, 1.098
226, 20.958, 0.983, 20.991, 0.986, 22.176, 1.102
227, 21.007, 0.988, 21.040, 0.990, 22.214, 1.105
228, 21.056, 0.992, 21.088, 0.995, 22.251, 1.109
229, 21.104, 0.996, 21.135, 0.999, 22.287, 1.113
230, 21.152, 1.001, 21.182, 1.004, 22.324, 1.117
231, 21.200, 1.005, 21.230, 1.008, 22.361, 1.121
232, 21.247, 1.010, 21.277, 1.012, 22.397, 1.124
233, 21.294, 1.014, 21.323, 1.017, 22.432, 1.128
234, 21.340, 1.018, 21.368, 1.021, 22.469, 1.132
235, 21.386, 1.023, 21.414, 1.025, 22.505, 1.135
236, 21.432, 1.027, 21.459, 1.030, 22.542, 1.139
237, 21.477, 1.031, 21.503, 1.034, 22.578, 1.143
238, 21.522, 1.036, 21.547, 1.038, 22.614, 1.147
239, 21.567, 1.040, 21.592, 1.043, 22.650, 1.150
240, 21.612, 1.045, 21.637, 1.047, 22.686, 1.154
241, 21.656, 1.049, 21.681, 1.052, 22.721, 1.158
242, 21.700, 1.053, 21.725, 1.056, 22.756, 1.162
243, 21.744, 1.058, 21.768, 1.060, 22.791, 1.165
244, 21.787, 1.062, 21.811, 1.065, 22.826, 1.169
245, 21.831, 1.067, 21.855, 1.069, 22.861, 1.173
246, 21.874, 1.071, 21.898, 1.073, 22.896, 1.176
247, 21.917, 1.075, 21.941, 1.078, 22.929, 1.180
248, 21.961, 1.080, 21.983, 1.082, 22.963, 1.184
249, 22.004, 1.084, 22.026, 1.086, 22.997, 1.187
250, 22.046, 1.089, 22.069, 1.091, 23.032, 1.191
251, 22.089, 1.093, 22.112, 1.095, 23.066, 1.195
252, 22.132, 1.097, 22.155, 1.100, 23.099, 1.198
253, 22.175, 1.102, 22.198, 1.104, 23.134, 1.202
254, 22.218, 1.106, 22.241, 1.108, 23.167, 1.206
255, 22.261, 1.110, 22.283, 1.113, 23.200, 1.210
256, 22.303, 1.115, 22.326, 1.117, 23.234, 1.213
257, 22.346, 1.119, 22.369, 1.121, 23.268, 1.217
258, 22.389, 1.123, 22.411, 1.126, 23.301, 1.220
259, 22.431, 1.128, 22.452, 1.130, 23.335, 1.224
260, 22.474, 1.132, 22.495, 1.134, 23.368, 1.228
261, 22.516, 1.137, 22.538, 1.139, 23.401, 1.231
262, 22.559, 1.141, 22.581, 1.143, 23.434, 1.235
263, 22.601, 1.145, 22.622, 1.148, 23.467, 1.239
264, 22.643, 1.150, 22.665, 1.152, 23.501, 1.242
265, 22.685, 1.154, 22.707, 1.156, 23.534, 1.246
266, 22.727, 1.158, 22.748, 1.161, 23.568, 1.250
267, 22.768, 1.163, 22.789, 1.165, 23.601, 1.253
268, 22.810, 1.167, 22.831, 1.169, 23.635, 1.257
269, 22.851, 1.171, 22.872, 1.174, 23.668, 1.260
270, 22.892, 1.176, 22.911, 1.178, 23.701, 1.264
271, 22.932, 1.180, 22.951, 1.182, 23.735, 1.268
272, 22.973, 1.185, 22.992, 1.187, 23.767, 1.271
273, 23.013, 1.189, 23.032, 1.191, 23.800, 1.275
274, 23.053, 1.193, 23.072, 1.196, 23.833, 1.278
275, 23.093, 1.198, 23.113, 1.200, 23.867, 1.282
276, 23.133, 1.202, 23.153, 1.204, 23.899, 1.285
277, 23.173, 1.207, 23.192, 1.209, 23.933, 1.289
278, 23.213, 1.211, 23.233, 1.213, 23.965, 1.293
279, 23.253, 1.215, 23.273, 1.217, 23.998, 1.296
280, 23.293, 1.220, 23.313, 1.222, 24.031, 1.300
281, 23.333, 1.224, 23.353, 1.226, 24.063, 1.303
282, 23.373, 1.228, 23.392, 1.230, 24.096, 1.307
283, 23.413, 1.233, 23.432, 1.235, 24.129, 1.310
284, 23.453, 1.237, 23.472, 1.239, 24.163, 1.314
285, 23.493, 1.242, 23.512, 1.244, 24.196, 1.317
286, 23.533, 1.246, 23.553, 1.248, 24.228, 1.321
287, 23.573, 1.250, 23.593, 1.252, 24.260, 1.324
288, 23.614, 1.255, 23.634, 1.257, 24.292, 1.328
289, 23.654, 1.259, 23.674, 1.261, 24.326, 1.332
290, 23.694, 1.263, 23.714, 1.265, 24.358, 1.335
291, 23.734, 1.268, 23.754, 1.270, 24.389, 1.339
292, 23.774, 1.272, 23.794, 1.274, 24.421, 1.342
293, 23.814, 1.276, 23.834, 1.278, 24.454, 1.346
294, 23.855, 1.281, 23.875, 1.283, 24.486, 1.349
295, 23.895, 1.285, 23.915, 1.287, 24.517, 1.353
296, 23.935, 1.289, 23.955, 1.292, 24.548, 1.356
297, 23.975, 1.294, 23.996, 1.296, 24.580, 1.360
298, 24.016, 1.298, 24.036, 1.300, 24.612, 1.363
299, 24.056, 1.303, 24.076, 1.305, 24.643, 1.367
300, 24.097, 1.307, 24.116, 1.309, 24.675, 1.370
301, 24.137, 1.311, 24.158, 1.313, 24.707, 1.373
302, 24.178, 1.316, 24.199, 1.318, 24.738, 1.377
303, 24.218, 1.320, 24.239, 1.322, 24.770, 1.380
304, 24.258, 1.324, 24.278, 1.326, 24.801, 1.384
305, 24.298, 1.329, 24.319, 1.331, 24.831, 1.387
306, 24.339, 1.333, 24.359, 1.335, 24.862, 1.391
307, 24.378, 1.337, 24.398, 1.340, 24.894, 1.394
308, 24.418, 1.342, 24.438, 1.344, 24.924, 1.398
309, 24.458, 1.346, 24.479, 1.348, 24.955, 1.401
310, 24.498, 1.350, 24.517, 1.353, 24.986, 1.405
311, 24.537, 1.355, 24.556, 1.357, 25.016, 1.408
312, 24.577, 1.359, 24.597, 1.361, 25.046, 1.412
313, 24.617, 1.364, 24.636, 1.366, 25.077, 1.415
314, 24.656, 1.368, 24.676, 1.370, 25.107, 1.418
315, 24.696, 1.372, 24.716, 1.374, 25.137, 1.422
316, 24.735, 1.377, 24.755, 1.379, 25.167, 1.425
317, 24.774, 1.381, 24.794, 1.383, 25.198, 1.429
318, 24.813, 1.385, 24.833, 1.388, 25.228, 1.432
319, 24.852, 1.390, 24.872, 1.392, 25.259, 1.436
320, 24.891, 1.394, 24.911, 1.396, 25.289, 1.439
321, 24.930, 1.398, 24.950, 1.401, 25.320, 1.442
322, 24.969, 1.403, 24.989, 1.405, 25.350, 1.446
323, 25.007, 1.407, 25.027, 1.409, 25.381, 1.449
324, 25.046, 1.411, 25.066, 1.414, 25.411, 1.453
325, 25.084, 1.416, 25.104, 1.418, 25.441, 1.456
326, 25.123, 1.420, 25.142, 1.422, 25.471, 1.459
327, 25.161, 1.425, 25.180, 1.427, 25.501, 1.463
328, 25.200, 1.429, 25.220, 1.431, 25.531, 1.466
329, 25.239, 1.433, 25.259, 1.436, 25.560, 1.470
330, 25.277, 1.438, 25.298, 1.440, 25.590, 1.473
331, 25.316, 1.442, 25.337, 1.444, 25.620, 1.476
332, 25.355, 1.446, 25.376, 1.449, 25.649, 1.480
333, 25.394, 1.451, 25.415, 1.453, 25.678, 1.483
334, 25.432, 1.455, 25.453, 1.457, 25.706, 1.486
335, 25.471, 1.459, 25.492, 1.462, 25.735, 1.490
336, 25.510, 1.464, 25.530, 1.466, 25.764, 1.493
337, 25.548, 1.468, 25.568, 1.470, 25.793, 1.497
338, 25.586, 1.472, 25.606, 1.475, 25.821, 1.500
339, 25.624, 1.477, 25.644, 1.479, 25.850, 1.503
340, 25.662, 1.481, 25.682, 1.484, 25.879, 1.507
341, 25.700, 1.486, 25.719, 1.488, 25.906, 1.510
342, 25.737, 1.490, 25.756, 1.492, 25.934, 1.513
343, 25.774, 1.494, 25.793, 1.497, 25.962, 1.517
344, 25.811, 1.499, 25.831, 1.501, 25.990, 1.520
345, 25.848, 1.503, 25.868, 1.505, 26.017, 1.523
346, 25.885, 1.507, 25.904, 1.510, 26.044, 1.527
347, 25.921, 1.512, 25.940, 1.514, 26.070, 1.530
348, 25.957, 1.516, 25.976, 1.518, 26.096, 1.534
349, 25.993, 1.520, 26.012, 1.523, 26.122, 1.537
350, 26.029, 1.525, 26.047, 1.527, 26.148, 1.540
351, 26.064, 1.529, 26.081, 1.532, 26.174, 1.544
352, 26.098, 1.534, 26.114, 1.536, 26.200, 1.547
353, 26.132, 1.538, 26.149, 1.540, 26.224, 1.550
354, 26.166, 1.543, 26.182, 1.545, 26.249, 1.554
355, 26.199, 1.547, 26.215, 1.549, 26.273, 1.557
356, 26.231, 1.551, 26.247, 1.553, 26.297, 1.560
357, 26.263, 1.556, 26.278, 1.558, 26.320, 1.564
358, 26.294, 1.560, 26.309, 1.562, 26.344, 1.567
359, 26.325, 1.564, 26.339, 1.566, 26.367, 1.570
360, 26.355, 1.569, 26.369, 1.571, 26.390, 1.574
361, 26.385, 1.573, 26.398, 1.575, 26.411, 1.577
362, 26.414, 1.578, 26.426, 1.580, 26.433, 1.581
363, 26.442, 1.582, 26.454, 1.584, 26.454, 1.584
364, 26.470, 1.586, 26.482, 1.588, 26.476, 1.587
365, 26.498, 1.591, 26.510, 1.593, 26.497, 1.591
366, 26.524, 1.595, 26.536, 1.597, 26.518, 1.594
367, 26.551, 1.599, 26.562, 1.601, 26.538, 1.597
368, 26.576, 1.604, 26.587, 1.606, 26.558, 1.601
369, 26.602, 1.608, 26.612, 1.610, 26.578, 1.604
370, 26.626, 1.613, 26.636, 1.614, 26.597, 1.607
371, 26.650, 1.617, 26.659, 1.619, 26.616, 1.611
372, 26.674, 1.622, 26.683, 1.623, 26.634, 1.614
373, 26.697, 1.626, 26.706, 1.628, 26.652, 1.618
374, 26.719, 1.630, 26.727, 1.632, 26.671, 1.621
375, 26.740, 1.635, 26.747, 1.636, 26.689, 1.624
376, 26.760, 1.639, 26.767, 1.641, 26.706, 1.628
377, 26.779, 1.643, 26.785, 1.645, 26.723, 1.631
378, 26.797, 1.648, 26.802, 1.649, 26.739, 1.634
379, 26.813, 1.652, 26.818, 1.654, 26.754, 1.638
380, 26.829, 1.657, 26.833, 1.658, 26.769, 1.641
381, 26.843, 1.661, 26.847, 1.662, 26.783, 1.644
382, 26.856, 1.666, 26.859, 1.667, 26.797, 1.648
383, 26.868, 1.670, 26.871, 1.671, 26.809, 1.651
384, 26.879, 1.674, 26.882, 1.676, 26.821, 1.655
385, 26.889, 1.679, 26.892, 1.680, 26.833, 1.658
386, 26.899, 1.683, 26.901, 1.684, 26.844, 1.661
387, 26.909, 1.688, 26.911, 1.689, 26.854, 1.665
388, 26.919, 1.692, 26.921, 1.693, 26.863, 1.668
389, 26.929, 1.696, 26.931, 1.697, 26.872, 1.672
390, 26.938, 1.701, 26.941, 1.702, 26.880, 1.675
391, 26.948, 1.705, 26.951, 1.706, 26.888, 1.678
392, 26.958, 1.709, 26.961, 1.710, 26.896, 1.682
393, 26.968, 1.714, 26.971, 1.715, 26.903, 1.685
394, 26.978, 1.718, 26.981, 1.719, 26.911, 1.688
395, 26.988, 1.722, 26.991, 1.724, 26.919, 1.692
396, 26.997, 1.727, 26.999, 1.728, 26.927, 1.695
397, 27.005, 1.731, 27.007, 1.732, 26.934, 1.699
398, 27.013, 1.735, 27.015, 1.737, 26.941, 1.702
399, 27.019, 1.740, 27.021, 1.741, 26.949, 1.705
400, 27.025, 1.744, 27.026, 1.745, 26.957, 1.709
401, 27.030, 1.749, 27.031, 1.750, 26.965, 1.712
402, 27.033, 1.753, 27.033, 1.754, 26.973, 1.716
403, 27.035, 1.758, 27.035, 1.758, 26.980, 1.719
404, 27.036, 1.762, 27.036, 1.763, 26.988, 1.722
405, 27.036, 1.766, 27.036, 1.767, 26.995, 1.726
406, 27.035, 1.771, 27.035, 1.772, 27.001, 1.729
407, 27.033, 1.775, 27.032, 1.776, 27.008, 1.732
408, 27.029, 1.780, 27.028, 1.780, 27.014, 1.736
409, 27.024, 1.784, 27.023, 1.785, 27.018, 1.739
410, 27.017, 1.788, 27.016, 1.789, 27.023, 1.743
411, 27.009, 1.793, 27.008, 1.793, 27.027, 1.746
412, 26.998, 1.797, 26.997, 1.798, 27.030, 1.749
413, 26.986, 1.802, 26.985, 1.802, 27.033, 1.753
414, 26.971, 1.806, 26.971, 1.806, 27.034, 1.756
415, 26.954, 1.811, 26.954, 1.811, 27.035, 1.759
416, 26.934, 1.815, 26.935, 1.815, 27.036, 1.763
417, 26.912, 1.820, 26.914, 1.820, 27.036, 1.766
418, 26.888, 1.824, 26.891, 1.824, 27.035, 1.770
419, 26.861, 1.829, 26.865, 1.828, 27.034, 1.773
420, 26.832, 1.833, 26.837, 1.833, 27.032, 1.776
421, 26.800, 1.838, 26.806, 1.837, 27.029, 1.780
422, 26.767, 1.842, 26.774, 1.841, 27.025, 1.783
423, 26.731, 1.847, 26.740, 1.846, 27.020, 1.787
424, 26.694, 1.851, 26.704, 1.850, 27.014, 1.790
425, 26.654, 1.856, 26.666, 1.854, 27.008, 1.793
426, 26.613, 1.860, 26.625, 1.859, 27.000, 1.797
427, 26.571, 1.865, 26.585, 1.863, 26.991, 1.800
428, 26.527, 1.869, 26.542, 1.868, 26.981, 1.803
429, 26.482, 1.873, 26.498, 1.872, 26.970, 1.807
430, 26.436, 1.878, 26.453, 1.876, 26.957, 1.810
431, 26.388, 1.882, 26.407, 1.881, 26.942, 1.813
432, 26.340, 1.887, 26.359, 1.885, 26.927, 1.817
433, 26.290, 1.891, 26.310, 1.889, 26.911, 1.820
434, 26.240, 1.895, 26.261, 1.894, 26.893, 1.823
435, 26.188, 1.900, 26.210, 1.898, 26.873, 1.827
436, 26.136, 1.904, 26.158, 1.902, 26.853, 1.830
437, 26.084, 1.909, 26.107, 1.907, 26.832, 1.833
438, 26.030, 1.913, 26.055, 1.911, 26.808, 1.837
439, 25.976, 1.918, 26.000, 1.915, 26.784, 1.840
440, 25.922, 1.922, 25.947, 1.920, 26.759, 1.843
441, 25.867, 1.926, 25.893, 1.924, 26.733, 1.847
442, 25.811, 1.931, 25.838, 1.929, 26.706, 1.850
443, 25.755, 1.935, 25.782, 1.933, 26.677, 1.853
444, 25.698, 1.939, 25.726, 1.937, 26.648, 1.856
445, 25.641, 1.944, 25.670, 1.942, 26.617, 1.860
446, 25.584, 1.948, 25.614, 1.946, 26.587, 1.863
447, 25.526, 1.953, 25.556, 1.950, 26.556, 1.866
448, 25.468, 1.957, 25.497, 1.955, 26.524, 1.869
449, 25.409, 1.961, 25.439, 1.959, 26.491, 1.873
450, 25.349, 1.966, 25.380, 1.963, 26.458, 1.876
451, 25.290, 1.970, 25.321, 1.968, 26.424, 1.879
452, 25.229, 1.975, 25.262, 1.972, 26.389, 1.882
453, 25.169, 1.979, 25.202, 1.977, 26.354, 1.885
454, 25.107, 1.984, 25.142, 1.981, 26.319, 1.889
455, 25.045, 1.988, 25.081, 1.985, 26.282, 1.892
456, 24.983, 1.992, 25.018, 1.990, 26.246, 1.895
457, 24.920, 1.997, 24.957, 1.994, 26.209, 1.898
458, 24.857, 2.001, 24.895, 1.998, 26.171, 1.901
459, 24.793, 2.005, 24.832, 2.003, 26.133, 1.905
460, 24.728, 2.010, 24.767, 2.007, 26.096, 1.908
461, 24.663, 2.014, 24.703, 2.011, 26.058, 1.911
462, 24.597, 2.019, 24.638, 2.016, 26.018, 1.914
463, 24.530, 2.023, 24.572, 2.020, 25.979, 1.917
464, 24.463, 2.027, 24.506, 2.025, 25.940, 1.920
465, 24.395, 2.032, 24.439, 2.029, 25.900, 1.924
466, 24.327, 2.036, 24.372, 2.033, 25.861, 1.927
467, 24.258, 2.041, 24.304, 2.038, 25.820, 1.930
468, 24.188, 2.045, 24.235, 2.042, 25.780, 1.933
469, 24.118, 2.049, 24.166, 2.046, 25.739, 1.936
470, 24.047, 2.054, 24.096, 2.051, 25.698, 1.940
471, 23.976, 2.058, 24.027, 2.055, 25.657, 1.943
472, 23.905, 2.063, 23.957, 2.059, 25.616, 1.946
473, 23.833, 2.067, 23.886, 2.064, 25.574, 1.949
474, 23.761, 2.072, 23.815, 2.068, 25.531, 1.952
475, 23.688, 2.076, 23.743, 2.073, 25.489, 1.955
476, 23.615, 2.080, 23.669, 2.077, 25.447, 1.959
477, 23.542, 2.085, 23.596, 2.081, 25.404, 1.962
478, 23.469, 2.089, 23.523, 2.086, 25.361, 1.965
479, 23.396, 2.093, 23.451, 2.090, 25.318, 1.968
480, 23.322, 2.098, 23.379, 2.094, 25.274, 1.971
481, 23.249, 2.102, 23.306, 2.099, 25.230, 1.974
482, 23.175, 2.107, 23.233, 2.103, 25.187, 1.978
483, 23.102, 2.111, 23.160, 2.107, 25.143, 1.981
484, 23.028, 2.115, 23.087, 2.112, 25.099, 1.984
485, 22.955, 2.120, 23.011, 2.116, 25.053, 1.987
486, 22.881, 2.124, 22.939, 2.121, 25.008, 1.990
487, 22.807, 2.128, 22.865, 2.125, 24.963, 1.994
488, 22.733, 2.133, 22.792, 2.129, 24.918, 1.997
489, 22.659, 2.137, 22.719, 2.134, 24.873, 2.000
490, 22.586, 2.142, 22.647, 2.138, 24.827, 2.003
491, 22.512, 2.146, 22.574, 2.142, 24.780, 2.006
492, 22.438, 2.150, 22.500, 2.147, 24.733, 2.009
493, 22.364, 2.155, 22.424, 2.151, 24.686, 2.013
494, 22.290, 2.159, 22.351, 2.155, 24.638, 2.016
495, 22.216, 2.164, 22.277, 2.160, 24.591, 2.019
496, 22.143, 2.168, 22.204, 2.164, 24.543, 2.022
497, 22.070, 2.172, 22.132, 2.169, 24.494, 2.025
498, 21.997, 2.177, 22.058, 2.173, 24.446, 2.029
499, 21.924, 2.181, 21.985, 2.177, 24.397, 2.032
500, 21.852, 2.185, 21.913, 2.182, 24.348, 2.035
501, 21.780, 2.190, 21.842, 2.186, 24.299, 2.038
502, 21.708, 2.194, 21.770, 2.190, 24.249, 2.041
503, 21.637, 2.199, 21.699, 2.195, 24.199, 2.044
504, 21.566, 2.203, 21.628, 2.199, 24.148, 2.047
505, 21.496, 2.207, 21.555, 2.203, 24.098, 2.051
506, 21.425, 2.212, 21.486, 2.208, 24.048, 2.054
507, 21.356, 2.216, 21.415, 2.212, 23.997, 2.057
508, 21.286, 2.220, 21.347, 2.217, 23.946, 2.060
509, 21.217, 2.225, 21.276, 2.221, 23.895, 2.063
510, 21.148, 2.229, 21.208, 2.225, 23.843, 2.066
511, 21.080, 2.234, 21.139, 2.230, 23.791, 2.070
512, 21.012, 2.238, 21.072, 2.234, 23.739, 2.073
513, 20.945, 2.242, 21.005, 2.238, 23.686, 2.076
514, 20.878, 2.247, 20.938, 2.243, 23.633, 2.079
515, 20.812, 2.251, 20.869, 2.247, 23.580, 2.082
516, 20.746, 2.255, 20.803, 2.251, 23.527, 2.085
517, 20.681, 2.260, 20.738, 2.256, 23.474, 2.089
518, 20.617, 2.264, 20.673, 2.260, 23.422, 2.092
519, 20.553, 2.268, 20.609, 2.265, 23.369, 2.095
520, 20.490, 2.273, 20.544, 2.269, 23.316, 2.098
521, 20.427, 2.277, 20.481, 2.273, 23.263, 2.101
522, 20.365, 2.281, 20.418, 2.278, 23.209, 2.105
523, 20.303, 2.286, 20.356, 2.282, 23.156, 2.108
524, 20.241, 2.290, 20.293, 2.286, 23.102, 2.111
525, 20.180, 2.295, 20.232, 2.291, 23.047, 2.114
526, 20.120, 2.299, 20.173, 2.295, 22.993, 2.117
527, 20.060, 2.303, 20.111, 2.299, 22.939, 2.121
528, 20.000, 2.308, 20.051, 2.304, 22.885, 2.124
529, 19.941, 2.312, 19.992, 2.308, 22.831, 2.127
530, 19.883, 2.316, 19.934, 2.313, 22.776, 2.130
531, 19.825, 2.321, 19.876, 2.317, 22.722, 2.133
532, 19.767, 2.325, 19.816, 2.321, 22.668, 2.137
533, 19.711, 2.329, 19.758, 2.326, 22.614, 2.140
534, 19.654, 2.334, 19.702, 2.330, 22.560, 2.143
535, 19.598, 2.338, 19.645, 2.334, 22.505, 2.146
536, 19.543, 2.342, 19.589, 2.339, 22.449, 2.150
537, 19.488, 2.347, 19.534, 2.343, 22.394, 2.153
538, 19.433, 2.351, 19.479, 2.347, 22.339, 2.156
539, 19.379, 2.355, 19.424, 2.352, 22.284, 2.159
540, 19.326, 2.360, 19.370, 2.356, 22.228, 2.163
541, 19.273, 2.364, 19.317, 2.361, 22.174, 2.166
542, 19.220, 2.368, 19.265, 2.365, 22.118, 2.169
543, 19.168, 2.373, 19.211, 2.369, 22.063, 2.173
544, 19.117, 2.377, 19.159, 2.374, 22.008, 2.176
545, 19.065, 2.382, 19.109, 2.378, 21.953, 2.179
546, 19.015, 2.386, 19.057, 2.382, 21.898, 2.183
547, 18.965, 2.390, 19.005, 2.387, 21.843, 2.186
548, 18.915, 2.395, 18.956, 2.391, 21.788, 2.189
549, 18.866, 2.399, 18.906, 2.395, 21.733, 2.193
550, 18.815, 2.403, 18.856, 2.400, 21.678, 2.196
551, 18.768, 2.408, 18.806, 2.404, 21.623, 2.199
552, 18.719, 2.412, 18.758, 2.409, 21.567, 2.203
553, 18.671, 2.417, 18.710, 2.413, 21.512, 2.206
554, 18.623, 2.421, 18.662, 2.417, 21.458, 2.210
555, 18.576, 2.425, 18.614, 2.422, 21.403, 2.213
556, 18.528, 2.430, 18.567, 2.426, 21.349, 2.216
557, 18.482, 2.434, 18.520, 2.430, 21.293, 2.220
558, 18.435, 2.438, 18.474, 2.435, 21.239, 2.223
559, 18.390, 2.443, 18.426, 2.439, 21.184, 2.227
560, 18.344, 2.447, 18.381, 2.443, 21.130, 2.230
561, 18.300, 2.451, 18.336, 2.448, 21.076, 2.234
562, 18.256, 2.456, 18.292, 2.452, 21.022, 2.237
563, 18.212, 2.460, 18.246, 2.457, 20.968, 2.241
564, 18.169, 2.464, 18.203, 2.461, 20.913, 2.244
565, 18.126, 2.469, 18.160, 2.465, 20.859, 2.248
566, 18.084, 2.473, 18.116, 2.470, 20.805, 2.251
567, 18.042, 2.477, 18.074, 2.474, 20.752, 2.255
568, 18.001, 2.482, 18.032, 2.478, 20.699, 2.259
569, 17.960, 2.486, 17.991, 2.483, 20.645, 2.262
570, 17.919, 2.490, 17.950, 2.487, 20.592, 2.266
571, 17.878, 2.495, 17.909, 2.491, 20.538, 2.269
572, 17.838, 2.499, 17.868, 2.496, 20.486, 2.273
573, 17.799, 2.503, 17.828, 2.500, 20.433, 2.277
574, 17.759, 2.508, 17.789, 2.505, 20.381, 2.280
575, 17.721, 2.512, 17.749, 2.509, 20.328, 2.284
576, 17.682, 2.516, 17.711, 2.513, 20.276, 2.288
577, 17.645, 2.521, 17.672, 2.518, 20.224, 2.291
578, 17.608, 2.525, 17.635, 2.522, 20.173, 2.295
579, 17.571, 2.530, 17.597, 2.526, 20.120, 2.299
580, 17.535, 2.534, 17.561, 2.531, 20.068, 2.303
581, 17.499, 2.538, 17.525, 2.535, 20.017, 2.306
582, 17.464, 2.543, 17.488, 2.539, 19.966, 2.310
583, 17.429, 2.547, 17.453, 2.544, 19.915, 2.314
584, 17.394, 2.551, 17.419, 2.548, 19.864, 2.318
585, 17.360, 2.556, 17.384, 2.553, 19.812, 2.322
586, 17.326, 2.560, 17.349, 2.557, 19.761, 2.325
587, 17.293, 2.564, 17.315, 2.561, 19.711, 2.329
588, 17.259, 2.569, 17.282, 2.566, 19.661, 2.333
589, 17.226, 2.573, 17.248, 2.570, 19.610, 2.337
590, 17.193, 2.577, 17.215, 2.574, 19.561, 2.341
591, 17.160, 2.582, 17.182, 2.579, 19.511, 2.345
592, 17.128, 2.586, 17.149, 2.583, 19.462, 2.349
593, 17.096, 2.590, 17.117, 2.587, 19.412, 2.353
594, 17.065, 2.595, 17.085, 2.592, 19.363, 2.357
595, 17.033, 2.599, 17.054, 2.596, 19.314, 2.361
596, 17.002, 2.603, 17.022, 2.601, 19.266, 2.365
597, 16.972, 2.608, 16.992, 2.605, 19.216, 2.369
598, 16.942, 2.612, 16.961, 2.609, 19.168, 2.373
599, 16.912, 2.616, 16.931, 2.614, 19.121, 2.377
600, 16.881, 2.621, 16.901, 2.618, 19.073, 2.381
601, 16.853, 2.625, 16.871, 2.622, 19.024, 2.385
602, 16.824, 2.629, 16.842, 2.627, 18.977, 2.389
603, 16.795, 2.634, 16.813, 2.631, 18.930, 2.393
604, 16.766, 2.638, 16.784, 2.635, 18.883, 2.398
605, 16.738, 2.642, 16.755, 2.640, 18.835, 2.402
606, 16.709, 2.647, 16.727, 2.644, 18.788, 2.406
607, 16.681, 2.651, 16.698, 2.649, 18.742, 2.410
608, 16.652, 2.656, 16.670, 2.653, 18.696, 2.414
609, 16.625, 2.660, 16.642, 2.657, 18.649, 2.418
610, 16.598, 2.664, 16.615, 2.662, 18.603, 2.423
611, 16.570, 2.669, 16.587, 2.666, 18.557, 2.427
612, 16.543, 2.673, 16.560, 2.670, 18.511, 2.431
613, 16.516, 2.678, 16.533, 2.675, 18.465, 2.435
614, 16.489, 2.682, 16.506, 2.679, 18.419, 2.440
615, 16.463, 2.686, 16.479, 2.683, 18.374, 2.444
616, 16.437, 2.691, 16.453, 2.688, 18.329, 2.448
617, 16.412, 2.695, 16.427, 2.692, 18.285, 2.453
618, 16.387, 2.699, 16.402, 2.697, 18.240, 2.457
619, 16.362, 2.704, 16.377, 2.701, 18.196, 2.462
620, 16.338, 2.708, 16.352, 2.705, 18.152, 2.466
621, 16.314, 2.712, 16.327, 2.710, 18.108, 2.470
622, 16.290, 2.717, 16.304, 2.714, 18.065, 2.475
623, 16.267, 2.721, 16.280, 2.718, 18.023, 2.479
624, 16.244, 2.725, 16.256, 2.723, 17.980, 2.484
625, 16.222, 2.729, 16.234, 2.727, 17.938, 2.488
626, 16.199, 2.734, 16.211, 2.731, 17.895, 2.493
627, 16.177, 2.738, 16.188, 2.736, 17.853, 2.497
628, 16.155, 2.742, 16.166, 2.740, 17.812, 2.502
629, 16.133, 2.747, 16.144, 2.745, 17.770, 2.507
630, 16.112, 2.751, 16.123, 2.749, 17.729, 2.511
631, 16.090, 2.756, 16.101, 2.753, 17.688, 2.516
632, 16.069, 2.760, 16.080, 2.758, 17.648, 2.520
633, 16.048, 2.764, 16.059, 2.762, 17.608, 2.525
634, 16.026, 2.769, 16.037, 2.766, 17.568, 2.530
635, 16.006, 2.773, 16.016, 2.771, 17.529, 2.535
636, 15.985, 2.777, 15.996, 2.775, 17.490, 2.539
637, 15.964, 2.782, 15.975, 2.779, 17.452, 2.544
638, 15.944, 2.786, 15.954, 2.784, 17.414, 2.549
639, 15.924, 2.790, 15.934, 2.788, 17.376, 2.554
640, 15.905, 2.795, 15.915, 2.793, 17.338, 2.558
641, 15.886, 2.799, 15.896, 2.797, 17.301, 2.563
642, 15.867, 2.803, 15.876, 2.801, 17.263, 2.568
643, 15.848, 2.808, 15.857, 2.806, 17.226, 2.573
644, 15.830, 2.812, 15.838, 2.810, 17.190, 2.578
645, 15.812, 2.816, 15.820, 2.814, 17.153, 2.583
646, 15.794, 2.821, 15.802, 2.819, 17.117, 2.588
647, 15.777, 2.825, 15.784, 2.823, 17.081, 2.592
648, 15.760, 2.829, 15.767, 2.827, 17.045, 2.597
649, 15.744, 2.834, 15.751, 2.832, 17.010, 2.602
650, 15.727, 2.838, 15.734, 2.836, 16.975, 2.607
651, 15.711, 2.842, 15.717, 2.841, 16.940, 2.612
652, 15.696, 2.847, 15.702, 2.845, 16.906, 2.617
653, 15.680, 2.851, 15.686, 2.849, 16.871, 2.622
654, 15.665, 2.855, 15.671, 2.854, 16.838, 2.627
655, 15.650, 2.860, 15.656, 2.858, 16.804, 2.632
656, 15.635, 2.864, 15.641, 2.862, 16.771, 2.637
657, 15.621, 2.868, 15.626, 2.867, 16.738, 2.643
658, 15.606, 2.873, 15.611, 2.871, 16.704, 2.648
659, 15.592, 2.877, 15.597, 2.875, 16.671, 2.653
660, 15.578, 2.881, 15.583, 2.880, 16.638, 2.658
661, 15.565, 2.886, 15.570, 2.884, 16.606, 2.663
662, 15.551, 2.890, 15.556, 2.889, 16.573, 2.668
663, 15.538, 2.895, 15.543, 2.893, 16.541, 2.673
664, 15.524, 2.899, 15.529, 2.897, 16.509, 2.679
665, 15.511, 2.903, 15.515, 2.902, 16.477, 2.684
666, 15.498, 2.908, 15.502, 2.906, 16.446, 2.689
667, 15.486, 2.912, 15.490, 2.910, 16.415, 2.694
668, 15.473, 2.916, 15.477, 2.915, 16.385, 2.699
669, 15.461, 2.921, 15.465, 2.919, 16.355, 2.705
670, 15.448, 2.925, 15.452, 2.923, 16.325, 2.710
671, 15.436, 2.929, 15.440, 2.928, 16.296, 2.715
672, 15.424, 2.934, 15.428, 2.932, 16.267, 2.721
673, 15.413, 2.938, 15.417, 2.937, 16.239, 2.726
674, 15.401, 2.942, 15.405, 2.941, 16.211, 2.731
675, 15.390, 2.947, 15.393, 2.945, 16.183, 2.737
676, 15.378, 2.951, 15.382, 2.950, 16.156, 2.742
677, 15.367, 2.955, 15.370, 2.954, 16.129, 2.748
678, 15.356, 2.960, 15.359, 2.958, 16.102, 2.753
679, 15.346, 2.964, 15.349, 2.963, 16.076, 2.758
680, 15.336, 2.968, 15.339, 2.967, 16.049, 2.764
681, 15.326, 2.973, 15.329, 2.971, 16.022, 2.769
682, 15.316, 2.977, 15.319, 2.976, 15.997, 2.775
683, 15.307, 2.981, 15.309, 2.980, 15.971, 2.780
684, 15.298, 2.986, 15.300, 2.985, 15.945, 2.786
685, 15.289, 2.990, 15.291, 2.989, 15.920, 2.791
686, 15.281, 2.994, 15.283, 2.993, 15.895, 2.797
687, 15.273, 2.999, 15.275, 2.998, 15.871, 2.802
688, 15.265, 3.003, 15.267, 3.002, 15.846, 2.808
689, 15.257, 3.007, 15.259, 3.006, 15.823, 2.814
690, 15.250, 3.012, 15.251, 3.011, 15.800, 2.819
691, 15.243, 3.016, 15.244, 3.015, 15.778, 2.825
692, 15.236, 3.020, 15.237, 3.019, 15.756, 2.830
693, 15.230, 3.025, 15.231, 3.024, 15.734, 2.836
694, 15.224, 3.029, 15.225, 3.028, 15.713, 2.842
695, 15.218, 3.033, 15.219, 3.033, 15.693, 2.847
696, 15.213, 3.037, 15.214, 3.037, 15.672, 2.853
697, 15.207, 3.042, 15.208, 3.041, 15.653, 2.859
698, 15.202, 3.046, 15.203, 3.046, 15.633, 2.865
699, 15.198, 3.050, 15.198, 3.050, 15.614, 2.870
700, 15.193, 3.055, 15.194, 3.054, 15.595, 2.876
701, 15.189, 3.059, 15.189, 3.059, 15.577, 2.882
702, 15.186, 3.063, 15.186, 3.063, 15.559, 2.887
703, 15.182, 3.068, 15.182, 3.067, 15.542, 2.893
704, 15.179, 3.072, 15.179, 3.072, 15.523, 2.899
705, 15.176, 3.076, 15.176, 3.076, 15.506, 2.905
706, 15.173, 3.081, 15.173, 3.081, 15.489, 2.911
707, 15.170, 3.085, 15.170, 3.085, 15.472, 2.916
708, 15.167, 3.089, 15.167, 3.089, 15.456, 2.922
709, 15.165, 3.094, 15.165, 3.094, 15.439, 2.928
710, 15.163, 3.098, 15.163, 3.098, 15.423, 2.934
711, 15.161, 3.102, 15.161, 3.102, 15.408, 2.940
712, 15.159, 3.107, 15.159, 3.107, 15.393, 2.946
713, 15.157, 3.111, 15.157, 3.111, 15.377, 2.951
714, 15.156, 3.115, 15.156, 3.115, 15.362, 2.957
715, 15.154, 3.120, 15.154, 3.120, 15.348, 2.963
716, 15.153, 3.124, 15.153, 3.124, 15.334, 2.969
717, 15.152, 3.128, 15.152, 3.129, 15.320, 2.975
718, 15.151, 3.133, 15.151, 3.133, 15.308, 2.981
719, 15.150, 3.137, 15.150, 3.137, 15.295, 2.987
720, 15.149, 3.142, 15.149, 3.142, 15.284, 2.993
721, 15.148, 3.146, 15.148, 3.146, 15.273, 2.999
722, 15.147, 3.150, 15.147, 3.150, 15.262, 3.005
723, 15.147, 3.155, 15.147, 3.155, 15.252, 3.011
724, 15.146, 3.159, 15.146, 3.159, 15.242, 3.017
725, 15.146, 3.163, 15.146, 3.163, 15.233, 3.023
726, 15.145, 3.168, 15.145, 3.168, 15.224, 3.029
727, 15.145, 3.172, 15.145, 3.172, 15.216, 3.035
728, 15.145, 3.177, 15.145, 3.176, 15.209, 3.041
729, 15.145, 3.181, 15.145, 3.181, 15.202, 3.047
730, 15.146, 3.185, 15.146, 3.185, 15.196, 3.053
731, 15.146, 3.190, 15.146, 3.190, 15.189, 3.059
732, 15.147, 3.194, 15.147, 3.194, 15.185, 3.065
733, 15.148, 3.198, 15.148, 3.198, 15.180, 3.071
734, 15.150, 3.202, 15.150, 3.203, 15.176, 3.077
735, 15.152, 3.207, 15.152, 3.207, 15.172, 3.083
736, 15.154, 3.211, 15.154, 3.211, 15.168, 3.089
737, 15.156, 3.215, 15.156, 3.216, 15.165, 3.095
738, 15.159, 3.220, 15.159, 3.220, 15.162, 3.101
739, 15.161, 3.224, 15.161, 3.224, 15.159, 3.107
740, 15.165, 3.228, 15.165, 3.229, 15.157, 3.113
741, 15.168, 3.233, 15.168, 3.233, 15.154, 3.119
742, 15.172, 3.237, 15.173, 3.238, 15.153, 3.125
743, 15.176, 3.241, 15.177, 3.242, 15.151, 3.131
744, 15.180, 3.246, 15.181, 3.246, 15.150, 3.137
745, 15.185, 3.250, 15.186, 3.251, 15.149, 3.143
746, 15.190, 3.254, 15.191, 3.255, 15.147, 3.149
747, 15.195, 3.259, 15.196, 3.259, 15.147, 3.155
748, 15.200, 3.263, 15.201, 3.264, 15.146, 3.161
749, 15.206, 3.267, 15.207, 3.268, 15.145, 3.167
750, 15.212, 3.272, 15.213, 3.272, 15.145, 3.173
751, 15.218, 3.276, 15.219, 3.277, 15.145, 3.179
752, 15.225, 3.280, 15.227, 3.281, 15.146, 3.185
753, 15.232, 3.285, 15.234, 3.286, 15.146, 3.191
754, 15.239, 3.289, 15.241, 3.290, 15.148, 3.197
755, 15.247, 3.293, 15.249, 3.294, 15.150, 3.203
756, 15.254, 3.298, 15.256, 3.299, 15.153, 3.209
757, 15.262, 3.302, 15.264, 3.303, 15.156, 3.215
758, 15.271, 3.306, 15.273, 3.307, 15.160, 3.221
759, 15.280, 3.310, 15.282, 3.312, 15.164, 3.227
760, 15.288, 3.315, 15.291, 3.316, 15.169, 3.233
761, 15.298, 3.319, 15.301, 3.320, 15.174, 3.239
762, 15.307, 3.323, 15.310, 3.325, 15.180, 3.245
763, 15.317, 3.328, 15.320, 3.329, 15.187, 3.251
764, 15.327, 3.332, 15.331, 3.334, 15.194, 3.257
765, 15.338, 3.336, 15.342, 3.338, 15.201, 3.263
766, 15.349, 3.341, 15.353, 3.342, 15.209, 3.269
767, 15.360, 3.345, 15.364, 3.347, 15.217, 3.275
768, 15.371, 3.349, 15.375, 3.351, 15.227, 3.281
769, 15.382, 3.354, 15.386, 3.355, 15.236, 3.287
770, 15.394, 3.358, 15.398, 3.360, 15.247, 3.293
771, 15.405, 3.362, 15.409, 3.364, 15.257, 3.299
772, 15.417, 3.367, 15.422, 3.368, 15.269, 3.305
773, 15.429, 3.371, 15.434, 3.373, 15.281, 3.311
774, 15.441, 3.375, 15.446, 3.377, 15.293, 3.317
775, 15.453, 3.380, 15.458, 3.382, 15.306, 3.323
776, 15.466, 3.384, 15.470, 3.386, 15.320, 3.329
777, 15.478, 3.389, 15.483, 3.390, 15.334, 3.335
778, 15.491, 3.393, 15.496, 3.395, 15.349, 3.341
779, 15.504, 3.397, 15.509, 3.399, 15.364, 3.347
780, 15.517, 3.402, 15.522, 3.403, 15.379, 3.352
781, 15.530, 3.406, 15.535, 3.408, 15.395, 3.358
782, 15.543, 3.410, 15.549, 3.412, 15.410, 3.364
783, 15.557, 3.415, 15.563, 3.416, 15.426, 3.370
784, 15.571, 3.419, 15.577, 3.421, 15.442, 3.376
785, 15.585, 3.423, 15.591, 3.425, 15.458, 3.382
786, 15.599, 3.428, 15.605, 3.430, 15.475, 3.388
787, 15.613, 3.432, 15.620, 3.434, 15.492, 3.393
788, 15.628, 3.436, 15.635, 3.438, 15.509, 3.399
789, 15.643, 3.441, 15.650, 3.443, 15.527, 3.405
790, 15.659, 3.445, 15.666, 3.447, 15.544, 3.411
791, 15.674, 3.449, 15.682, 3.451, 15.563, 3.416
792, 15.691, 3.454, 15.699, 3.456, 15.581, 3.422
793, 15.707, 3.458, 15.715, 3.460, 15.600, 3.428
794, 15.724, 3.462, 15.733, 3.464, 15.619, 3.434
795, 15.741, 3.467, 15.750, 3.469, 15.638, 3.439
796, 15.758, 3.471, 15.767, 3.473, 15.659, 3.445
797, 15.776, 3.475, 15.785, 3.478, 15.680, 3.451
798, 15.794, 3.480, 15.804, 3.482, 15.701, 3.456
799, 15.812, 3.484, 15.822, 3.486, 15.723, 3.462
800, 15.831, 3.488, 15.841, 3.491, 15.745, 3.468
801, 15.850, 3.493, 15.861, 3.495, 15.768, 3.473
802, 15.870, 3.497, 15.882, 3.499, 15.791, 3.479
803, 15.890, 3.501, 15.902, 3.504, 15.815, 3.485
804, 15.910, 3.506, 15.922, 3.508, 15.839, 3.490
805, 15.930, 3.510, 15.943, 3.512, 15.864, 3.496
806, 15.951, 3.514, 15.964, 3.517, 15.890, 3.501
807, 15.972, 3.519, 15.985, 3.521, 15.915, 3.507
808, 15.994, 3.523, 16.007, 3.526, 15.941, 3.512
809, 16.016, 3.527, 16.030, 3.530, 15.968, 3.518
810, 16.038, 3.532, 16.052, 3.534, 15.995, 3.523
811, 16.061, 3.536, 16.074, 3.539, 16.023, 3.529
812, 16.083, 3.540, 16.098, 3.543, 16.051, 3.534
813, 16.107, 3.545, 16.121, 3.547, 16.078, 3.539
814, 16.130, 3.549, 16.144, 3.552, 16.108, 3.545
815, 16.152, 3.553, 16.168, 3.556, 16.136, 3.550
816, 16.177, 3.558, 16.193, 3.560, 16.165, 3.556
817, 16.201, 3.562, 16.217, 3.565, 16.195, 3.561
818, 16.225, 3.566, 16.241, 3.569, 16.225, 3.566
819, 16.250, 3.571, 16.267, 3.574, 16.255, 3.572
820, 16.275, 3.575, 16.292, 3.578, 16.286, 3.577
821, 16.300, 3.579, 16.318, 3.582, 16.317, 3.582
822, 16.326, 3.584, 16.342, 3.587, 16.347, 3.587
823, 16.350, 3.588, 16.370, 3.591, 16.380, 3.593
824, 16.378, 3.592, 16.396, 3.595, 16.411, 3.598
825, 16.404, 3.597, 16.423, 3.600, 16.444, 3.603
826, 16.431, 3.601, 16.451, 3.604, 16.477, 3.608
827, 16.459, 3.605, 16.478, 3.608, 16.509, 3.613
828, 16.486, 3.610, 16.505, 3.613, 16.543, 3.619
829, 16.513, 3.614, 16.534, 3.617, 16.576, 3.624
830, 16.542, 3.618, 16.562, 3.622, 16.610, 3.629
831, 16.571, 3.623, 16.590, 3.626, 16.644, 3.634
832, 16.599, 3.627, 16.620, 3.630, 16.678, 3.639
833, 16.628, 3.632, 16.649, 3.635, 16.712, 3.644
834, 16.657, 3.636, 16.677, 3.639, 16.746, 3.649
835, 16.686, 3.640, 16.707, 3.643, 16.781, 3.654
836, 16.715, 3.645, 16.736, 3.648, 16.814, 3.659
837, 16.744, 3.649, 16.766, 3.652, 16.850, 3.664
838, 16.774, 3.653, 16.795, 3.656, 16.885, 3.669
839, 16.803, 3.658, 16.825, 3.661, 16.920, 3.674
840, 16.833, 3.662, 16.855, 3.665, 16.956, 3.679
841, 16.864, 3.666, 16.886, 3.670, 16.993, 3.684
842, 16.894, 3.671, 16.917, 3.674, 17.029, 3.689
843, 16.925, 3.675, 16.949, 3.678, 17.066, 3.694
844, 16.957, 3.679, 16.981, 3.683, 17.103, 3.699
845, 16.989, 3.684, 17.012, 3.687, 17.141, 3.704
846, 17.020, 3.688, 17.045, 3.691, 17.179, 3.709
847, 17.053, 3.692, 17.079, 3.696, 17.217, 3.714
848, 17.086, 3.697, 17.112, 3.700, 17.255, 3.718
849, 17.120, 3.701, 17.145, 3.704, 17.293, 3.723
850, 17.154, 3.706, 17.180, 3.709, 17.332, 3.728
851, 17.188, 3.710, 17.214, 3.713, 17.370, 3.733
852, 17.222, 3.714, 17.248, 3.718, 17.409, 3.738
853, 17.256, 3.718, 17.283, 3.722, 17.448, 3.742
854, 17.291, 3.723, 17.318, 3.726, 17.487, 3.747
855, 17.326, 3.727, 17.353, 3.731, 17.527, 3.752
856, 17.361, 3.732, 17.389, 3.735, 17.567, 3.756
857, 17.397, 3.736, 17.424, 3.739, 17.607, 3.761
858, 17.432, 3.740, 17.460, 3.744, 17.647, 3.766
859, 17.468, 3.745, 17.496, 3.748, 17.689, 3.770
860, 17.504, 3.749, 17.533, 3.752, 17.729, 3.775
861, 17.541, 3.753, 17.570, 3.757, 17.771, 3.780
862, 17.578, 3.758, 17.608, 3.761, 17.812, 3.784
863, 17.615, 3.762, 17.646, 3.766, 17.855, 3.789
864, 17.653, 3.766, 17.685, 3.770, 17.897, 3.793
865, 17.692, 3.771, 17.723, 3.774, 17.940, 3.798
866, 17.730, 3.775, 17.762, 3.779, 17.983, 3.802
867, 17.770, 3.780, 17.801, 3.783, 18.025, 3.807
868, 17.809, 3.784, 17.843, 3.787, 18.070, 3.811
869, 17.850, 3.788, 17.883, 3.792, 18.113, 3.816
870, 17.890, 3.793, 17.924, 3.796, 18.157, 3.820
871, 17.931, 3.797, 17.967, 3.800, 18.201, 3.824
872, 17.973, 3.801, 18.007, 3.805, 18.247, 3.829
873, 18.013, 3.806, 18.051, 3.809, 18.292, 3.833
874, 18.057, 3.810, 18.093, 3.814, 18.337, 3.837
875, 18.099, 3.814, 18.136, 3.818, 18.383, 3.842
876, 18.142, 3.819, 18.180, 3.822, 18.428, 3.846
877, 18.186, 3.823, 18.224, 3.827, 18.475, 3.850
878, 18.230, 3.827, 18.270, 3.831, 18.521, 3.855
879, 18.275, 3.832, 18.314, 3.835, 18.568, 3.859
880, 18.320, 3.836, 18.361, 3.840, 18.614, 3.863
881, 18.366, 3.840, 18.407, 3.844, 18.660, 3.867
882, 18.412, 3.845, 18.454, 3.848, 18.707, 3.872
883, 18.459, 3.849, 18.501, 3.853, 18.755, 3.876
884, 18.506, 3.853, 18.549, 3.857, 18.802, 3.880
885, 18.554, 3.858, 18.597, 3.862, 18.848, 3.884
886, 18.602, 3.862, 18.645, 3.866, 18.895, 3.888
887, 18.650, 3.866, 18.693, 3.870, 18.943, 3.892
888, 18.699, 3.871, 18.743, 3.875, 18.990, 3.897
889, 18.748, 3.875, 18.791, 3.879, 19.036, 3.901
890, 18.797, 3.879, 18.840, 3.883, 19.083, 3.905
891, 18.846, 3.884, 18.889, 3.888, 19.130, 3.909
892, 18.896, 3.888, 18.939, 3.892, 19.178, 3.913
893, 18.945, 3.893, 18.989, 3.896, 19.225, 3.917
894, 18.995, 3.897, 19.038, 3.901, 19.272, 3.921
895, 19.045, 3.901, 19.087, 3.905, 19.320, 3.925
896, 19.095, 3.906, 19.138, 3.910, 19.367, 3.929
897, 19.145, 3.910, 19.189, 3.914, 19.415, 3.933
898, 19.196, 3.914, 19.239, 3.918, 19.463, 3.937
899, 19.246, 3.919, 19.290, 3.923, 19.510, 3.941
900, 19.297, 3.923, 19.342, 3.927, 19.558, 3.945
901, 19.349, 3.928, 19.392, 3.931, 19.606, 3.949
902, 19.400, 3.932, 19.445, 3.936, 19.654, 3.953
903, 19.452, 3.936, 19.497, 3.940, 19.702, 3.957
904, 19.504, 3.941, 19.548, 3.944, 19.751, 3.961
905, 19.556, 3.945, 19.602, 3.949, 19.799, 3.965
906, 19.609, 3.949, 19.654, 3.953, 19.847, 3.969
907, 19.662, 3.954, 19.707, 3.958, 19.896, 3.973
908, 19.715, 3.958, 19.761, 3.962, 19.945, 3.977
909, 19.769, 3.963, 19.814, 3.966, 19.993, 3.981
910, 19.823, 3.967, 19.868, 3.971, 20.042, 3.984
911, 19.877, 3.971, 19.923, 3.975, 20.091, 3.988
912, 19.931, 3.976, 19.978, 3.979, 20.140, 3.992
913, 19.986, 3.980, 20.032, 3.984, 20.188, 3.996
914, 20.041, 3.984, 20.088, 3.988, 20.238, 4.000
915, 20.096, 3.989, 20.144, 3.992, 20.287, 4.004
916, 20.152, 3.993, 20.199, 3.997, 20.336, 4.007
917, 20.208, 3.997, 20.256, 4.001, 20.385, 4.011
918, 20.264, 4.002, 20.312, 4.006, 20.435, 4.015
919, 20.321, 4.006, 20.369, 4.010, 20.483, 4.019
920, 20.378, 4.011, 20.426, 4.014, 20.533, 4.022
921, 20.435, 4.015, 20.482, 4.019, 20.582, 4.026
922, 20.492, 4.019, 20.539, 4.023, 20.632, 4.030
923, 20.549, 4.024, 20.597, 4.027, 20.681, 4.034
924, 20.607, 4.028, 20.656, 4.032, 20.730, 4.037
925, 20.665, 4.032, 20.712, 4.036, 20.780, 4.041
926, 20.723, 4.037, 20.771, 4.040, 20.830, 4.045
927, 20.782, 4.041, 20.831, 4.045, 20.880, 4.048
928, 20.840, 4.045, 20.889, 4.049, 20.929, 4.052
929, 20.899, 4.050, 20.948, 4.054, 20.978, 4.056
930, 20.958, 4.054, 21.006, 4.058, 21.028, 4.059
931, 21.017, 4.059, 21.065, 4.062, 21.077, 4.063
932, 21.076, 4.063, 21.123, 4.067, 21.126, 4.067
933, 21.135, 4.068, 21.184, 4.071, 21.176, 4.070
934, 21.195, 4.072, 21.242, 4.075, 21.225, 4.074
935, 21.254, 4.076, 21.301, 4.080, 21.274, 4.078
936, 21.313, 4.081, 21.359, 4.084, 21.323, 4.081
937, 21.372, 4.085, 21.418, 4.088, 21.371, 4.085
938, 21.431, 4.089, 21.476, 4.093, 21.420, 4.089
939, 21.490, 4.094, 21.536, 4.097, 21.468, 4.092
940, 21.549, 4.098, 21.594, 4.102, 21.517, 4.096
941, 21.608, 4.103, 21.653, 4.106, 21.566, 4.099
942, 21.667, 4.107, 21.711, 4.110, 21.614, 4.103
943, 21.726, 4.111, 21.769, 4.115, 21.663, 4.107
944, 21.784, 4.116, 21.827, 4.119, 21.710, 4.110
945, 21.842, 4.120, 21.885, 4.123, 21.758, 4.114
946, 21.901, 4.124, 21.943, 4.128, 21.806, 4.117
947, 21.959, 4.129, 22.002, 4.132, 21.853, 4.121
948, 22.017, 4.133, 22.059, 4.136, 21.901, 4.124
949, 22.075, 4.138, 22.116, 4.141, 21.948, 4.128
950, 22.132, 4.142, 22.173, 4.145, 21.996, 4.132
951, 22.190, 4.147, 22.230, 4.150, 22.043, 4.135
952, 22.247, 4.151, 22.287, 4.154, 22.089, 4.139
953, 22.304, 4.155, 22.343, 4.158, 22.136, 4.142
954, 22.360, 4.160, 22.399, 4.163, 22.182, 4.146
955, 22.417, 4.164, 22.455, 4.167, 22.229, 4.149
956, 22.473, 4.168, 22.510, 4.171, 22.275, 4.153
957, 22.528, 4.173, 22.564, 4.176, 22.321, 4.157
958, 22.583, 4.177, 22.618, 4.180, 22.366, 4.160
959, 22.637, 4.182, 22.671, 4.184, 22.412, 4.164
960, 22.691, 4.186, 22.725, 4.189, 22.457, 4.167
961, 22.745, 4.190, 22.777, 4.193, 22.502, 4.171
962, 22.797, 4.195, 22.828, 4.198, 22.546, 4.174
963, 22.849, 4.199, 22.879, 4.202, 22.590, 4.178
964, 22.900, 4.204, 22.929, 4.206, 22.634, 4.181
965, 22.951, 4.208, 22.979, 4.211, 22.677, 4.185
966, 23.001, 4.213, 23.028, 4.215, 22.721, 4.188
967, 23.050, 4.217, 23.075, 4.219, 22.764, 4.192
968, 23.098, 4.221, 23.122, 4.224, 22.805, 4.196
969, 23.145, 4.226, 23.169, 4.228, 22.847, 4.199
970, 23.192, 4.230, 23.215, 4.232, 22.888, 4.203
971, 23.238, 4.235, 23.260, 4.237, 22.930, 4.206
972, 23.283, 4.239, 23.304, 4.241, 22.971, 4.210
973, 23.327, 4.243, 23.348, 4.246, 23.011, 4.213
974, 23.371, 4.248, 23.390, 4.250, 23.050, 4.217
975, 23.413, 4.252, 23.431, 4.254, 23.089, 4.221
976, 23.455, 4.257, 23.473, 4.259, 23.128, 4.224
977, 23.496, 4.261, 23.513, 4.263, 23.166, 4.228
978, 23.537, 4.266, 23.552, 4.267, 23.204, 4.231
979, 23.576, 4.270, 23.590, 4.272, 23.241, 4.235
980, 23.615, 4.274, 23.629, 4.276, 23.278, 4.239
981, 23.653, 4.279, 23.667, 4.280, 23.314, 4.242
982, 23.690, 4.283, 23.703, 4.285, 23.350, 4.246
983, 23.726, 4.288, 23.738, 4.289, 23.385, 4.249
984, 23.761, 4.292, 23.773, 4.294, 23.420, 4.253
985, 23.796, 4.296, 23.807, 4.298, 23.454, 4.257
986, 23.830, 4.301, 23.839, 4.302, 23.488, 4.260
987, 23.863, 4.305, 23.872, 4.307, 23.522, 4.264
988, 23.895, 4.310, 23.904, 4.311, 23.554, 4.267
989, 23.927, 4.314, 23.936, 4.315, 23.585, 4.271
990, 23.958, 4.319, 23.966, 4.320, 23.618, 4.275
991, 23.988, 4.323, 23.996, 4.324, 23.649, 4.278
992, 24.018, 4.327, 24.025, 4.328, 23.680, 4.282
993, 24.047, 4.332, 24.054, 4.333, 23.710, 4.286
994, 24.075, 4.336, 24.081, 4.337, 23.740, 4.289
995, 24.103, 4.341, 24.109, 4.342, 23.769, 4.293
996, 24.130, 4.345, 24.136, 4.346, 23.798, 4.297
997, 24.156, 4.349, 24.161, 4.350, 23.825, 4.300
998, 24.181, 4.354, 24.185, 4.355, 23.852, 4.304
999, 24.205, 4.358, 24.209, 4.359, 23.880, 4.308
1000, 24.229, 4.363, 24.233, 4.363, 23.906, 4.311
1001, 24.251, 4.367, 24.254, 4.368, 23.933, 4.315
1002, 24.273, 4.372, 24.276, 4.372, 23.959, 4.319
1003, 24.294, 4.376, 24.296, 4.376, 23.984, 4.322
1004, 24.314, 4.380, 24.316, 4.381, 24.009, 4.326
1005, 24.333, 4.385, 24.335, 4.385, 24.033, 4.330
1006, 24.351, 4.389, 24.353, 4.390, 24.057, 4.333
1007, 24.368, 4.393, 24.369, 4.394, 24.080, 4.337
1008, 24.385, 4.398, 24.386, 4.398, 24.103, 4.341
1009, 24.400, 4.402, 24.401, 4.403, 24.126, 4.344
1010, 24.415, 4.407, 24.415, 4.407, 24.148, 4.348
1011, 24.429, 4.411, 24.429, 4.411, 24.169, 4.352
1012, 24.442, 4.416, 24.442, 4.416, 24.189, 4.355
1013, 24.454, 4.420, 24.454, 4.420, 24.209, 4.359
1014, 24.466, 4.424, 24.466, 4.424, 24.230, 4.363
1015, 24.476, 4.429, 24.476, 4.429, 24.248, 4.366
1016, 24.486, 4.433, 24.486, 4.433, 24.266, 4.370
1017, 24.495, 4.438, 24.495, 4.437, 24.284, 4.374
1018, 24.504, 4.442, 24.504, 4.442, 24.301, 4.377
1019, 24.511, 4.446, 24.511, 4.446, 24.318, 4.381
1020, 24.518, 4.451, 24.517, 4.451, 24.334, 4.385
1021, 24.524, 4.455, 24.524, 4.455, 24.349, 4.389
1022, 24.529, 4.460, 24.529, 4.459, 24.363, 4.392
1023, 24.534, 4.464, 24.533, 4.464, 24.378, 4.396
1024, 24.538, 4.469, 24.538, 4.468, 24.391, 4.400
1025, 24.542, 4.473, 24.541, 4.472, 24.403, 4.403
1026, 24.545, 4.477, 24.545, 4.477, 24.416, 4.407
1027, 24.547, 4.482, 24.547, 4.481, 24.428, 4.411
1028, 24.549, 4.486, 24.549, 4.485, 24.439, 4.415
1029, 24.550, 4.490, 24.550, 4.490, 24.449, 4.418
1030, 24.551, 4.495, 24.551, 4.494, 24.459, 4.422
1031, 24.552, 4.499, 24.552, 4.499, 24.469, 4.426
1032, 24.551, 4.504, 24.551, 4.503, 24.477, 4.429
1033, 24.551, 4.508, 24.551, 4.507, 24.486, 4.433
1034, 24.550, 4.512, 24.550, 4.512, 24.493, 4.437
1035, 24.548, 4.517, 24.548, 4.516, 24.501, 4.441
1036, 24.546, 4.521, 24.546, 4.520, 24.507, 4.444
1037, 24.543, 4.525, 24.543, 4.525, 24.513, 4.448
1038, 24.539, 4.530, 24.540, 4.529, 24.519, 4.452
1039, 24.535, 4.534, 24.536, 4.533, 24.524, 4.456
1040, 24.529, 4.539, 24.530, 4.538, 24.528, 4.459
1041, 24.524, 4.543, 24.525, 4.542, 24.533, 4.463
1042, 24.517, 4.548, 24.519, 4.547, 24.536, 4.467
1043, 24.510, 4.552, 24.512, 4.551, 24.540, 4.470
1044, 24.501, 4.556, 24.503, 4.555, 24.543, 4.474
1045, 24.493, 4.561, 24.495, 4.560, 24.545, 4.478
1046, 24.483, 4.565, 24.486, 4.564, 24.547, 4.482
1047, 24.473, 4.570, 24.476, 4.568, 24.549, 4.485
1048, 24.462, 4.574, 24.465, 4.573, 24.550, 4.489
1049, 24.450, 4.578, 24.454, 4.577, 24.550, 4.493
1050, 24.438, 4.583, 24.442, 4.581, 24.551, 4.496
1051, 24.425, 4.587, 24.429, 4.586, 24.552, 4.500
1052, 24.412, 4.591, 24.416, 4.590, 24.551, 4.504
1053, 24.398, 4.596, 24.402, 4.595, 24.551, 4.508
1054, 24.384, 4.600, 24.388, 4.599, 24.550, 4.511
1055, 24.369, 4.605, 24.374, 4.603, 24.549, 4.515
1056, 24.353, 4.609, 24.358, 4.608, 24.547, 4.519
1057, 24.337, 4.614, 24.342, 4.612, 24.545, 4.523
1058, 24.320, 4.618, 24.326, 4.616, 24.542, 4.526
1059, 24.303, 4.622, 24.309, 4.621, 24.539, 4.530
1060, 24.285, 4.627, 24.292, 4.625, 24.535, 4.534
1061, 24.266, 4.631, 24.273, 4.629, 24.531, 4.537
1062, 24.247, 4.636, 24.254, 4.634, 24.526, 4.541
1063, 24.227, 4.640, 24.235, 4.638, 24.521, 4.545
1064, 24.207, 4.644, 24.215, 4.643, 24.515, 4.549
1065, 24.186, 4.649, 24.195, 4.647, 24.509, 4.552
1066, 24.164, 4.653, 24.173, 4.651, 24.502, 4.556
1067, 24.142, 4.657, 24.151, 4.656, 24.495, 4.560
1068, 24.119, 4.662, 24.128, 4.660, 24.487, 4.564
1069, 24.096, 4.666, 24.106, 4.664, 24.478, 4.567
1070, 24.073, 4.671, 24.083, 4.669, 24.470, 4.571
1071, 24.049, 4.675, 24.059, 4.673, 24.460, 4.575
1072, 24.024, 4.680, 24.035, 4.677, 24.450, 4.578
1073, 23.999, 4.684, 24.010, 4.682, 24.440, 4.582
1074, 23.974, 4.688, 23.985, 4.686, 24.429, 4.586
1075, 23.948, 4.693, 23.959, 4.691, 24.418, 4.590
1076, 23.922, 4.697, 23.934, 4.695, 24.406, 4.593
1077, 23.895, 4.701, 23.908, 4.699, 24.395, 4.597
1078, 23.868, 4.706, 23.881, 4.704, 24.383, 4.601
1079, 23.840, 4.710, 23.853, 4.708, 24.370, 4.604
1080, 23.812, 4.714, 23.825, 4.712, 24.357, 4.608
1081, 23.783, 4.719, 23.796, 4.717, 24.343, 4.612
1082, 23.754, 4.723, 23.768, 4.721, 24.329, 4.616
1083, 23.725, 4.728, 23.739, 4.725, 24.315, 4.619
1084, 23.695, 4.732, 23.710, 4.730, 24.300, 4.623
1085, 23.665, 4.736, 23.680, 4.734, 24.285, 4.627
1086, 23.634, 4.741, 23.649, 4.739, 24.269, 4.630
1087, 23.603, 4.745, 23.618, 4.743, 24.253, 4.634
1088, 23.572, 4.749, 23.587, 4.747, 24.237, 4.638
1089, 23.541, 4.754, 23.557, 4.752, 24.220, 4.642
1090, 23.509, 4.758, 23.525, 4.756, 24.203, 4.645
1091, 23.477, 4.763, 23.493, 4.760, 24.185, 4.649
1092, 23.445, 4.767, 23.462, 4.765, 24.166, 4.653
1093, 23.413, 4.771, 23.429, 4.769, 24.147, 4.656
1094, 23.380, 4.776, 23.397, 4.773, 24.128, 4.660
1095, 23.348, 4.780, 23.365, 4.778, 24.109, 4.664
1096, 23.316, 4.784, 23.333, 4.782, 24.089, 4.667
1097, 23.283, 4.789, 23.300, 4.787, 24.070, 4.671
1098, 23.250, 4.793, 23.267, 4.791, 24.050, 4.675
1099, 23.218, 4.798, 23.234, 4.795, 24.029, 4.679
1100, 23.185, 4.802, 23.202, 4.800, 24.008, 4.682
1101, 23.152, 4.806, 23.169, 4.804, 23.986, 4.686
1102, 23.120, 4.811, 23.136, 4.808, 23.964, 4.690
1103, 23.087, 4.815, 23.104, 4.813, 23.943, 4.693
1104, 23.054, 4.819, 23.071, 4.817, 23.921, 4.697
1105, 23.020, 4.824, 23.038, 4.821, 23.898, 4.701
1106, 22.987, 4.828, 23.004, 4.826, 23.875, 4.705
1107, 22.954, 4.832, 22.970, 4.830, 23.852, 4.708
1108, 22.920, 4.837, 22.937, 4.835, 23.828, 4.712
1109, 22.887, 4.841, 22.904, 4.839, 23.804, 4.716
1110, 22.853, 4.845, 22.870, 4.843, 23.779, 4.719
1111, 22.819, 4.850, 22.836, 4.848, 23.755, 4.723
1112, 22.786, 4.854, 22.803, 4.852, 23.730, 4.727
1113, 22.752, 4.859, 22.770, 4.856, 23.706, 4.730
1114, 22.718, 4.863, 22.735, 4.861, 23.680, 4.734
1115, 22.684, 4.867, 22.701, 4.865, 23.654, 4.738
1116, 22.650, 4.872, 22.667, 4.869, 23.628, 4.742
1117, 22.616, 4.876, 22.633, 4.874, 23.601, 4.745
1118, 22.582, 4.880, 22.599, 4.878, 23.575, 4.749
1119, 22.548, 4.885, 22.565, 4.883, 23.549, 4.753
1120, 22.514, 4.889, 22.531, 4.887, 23.522, 4.756
1121, 22.480, 4.893, 22.497, 4.891, 23.495, 4.760
1122, 22.446, 4.898, 22.463, 4.896, 23.468, 4.764
1123, 22.411, 4.902, 22.429, 4.900, 23.440, 4.768
1124, 22.377, 4.906, 22.394, 4.904, 23.413, 4.771
1125, 22.343, 4.911, 22.360, 4.909, 23.385, 4.775
1126, 22.309, 4.915, 22.326, 4.913, 23.358, 4.779
1127, 22.274, 4.920, 22.291, 4.917, 23.330, 4.783
1128, 22.240, 4.924, 22.256, 4.922, 23.302, 4.786
1129, 22.206, 4.928, 22.223, 4.926, 23.274, 4.790
1130, 22.172, 4.933, 22.188, 4.931, 23.246, 4.794
1131, 22.138, 4.937, 22.154, 4.935, 23.218, 4.797
1132, 22.104, 4.941, 22.120, 4.939, 23.190, 4.801
1133, 22.071, 4.946, 22.087, 4.944, 23.161, 4.805
1134, 22.037, 4.950, 22.053, 4.948, 23.133, 4.809
1135, 22.004, 4.954, 22.019, 4.952, 23.105, 4.813
1136, 21.971, 4.959, 21.986, 4.957, 23.077, 4.816
1137, 21.938, 4.963, 21.953, 4.961, 23.048, 4.820
1138, 21.905, 4.967, 21.920, 4.965, 23.020, 4.824
1139, 21.872, 4.972, 21.887, 4.970, 22.990, 4.828
1140, 21.839, 4.976, 21.854, 4.974, 22.962, 4.831
1141, 21.806, 4.981, 21.821, 4.979, 22.933, 4.835
1142, 21.773, 4.985, 21.788, 4.983, 22.904, 4.839
1143, 21.740, 4.989, 21.755, 4.987, 22.874, 4.843
1144, 21.706, 4.994, 21.721, 4.992, 22.845, 4.847
1145, 21.673, 4.998, 21.688, 4.996, 22.815, 4.850
1146, 21.640, 5.002, 21.655, 5.000, 22.787, 4.854
1147, 21.607, 5.007, 21.622, 5.005, 22.757, 4.858
1148, 21.573, 5.011, 21.588, 5.009, 22.727, 4.862
1149, 21.540, 5.016, 21.555, 5.013, 22.698, 4.866
1150, 21.507, 5.020, 21.522, 5.018, 22.668, 4.869
1151, 21.474, 5.024, 21.488, 5.022, 22.638, 4.873
1152, 21.442, 5.029, 21.456, 5.027, 22.609, 4.877
1153, 21.409, 5.033, 21.423, 5.031, 22.579, 4.881
1154, 21.377, 5.037, 21.391, 5.035, 22.549, 4.885
1155, 21.345, 5.042, 21.358, 5.040, 22.519, 4.888
1156, 21.313, 5.046, 21.326, 5.044, 22.489, 4.892
1157, 21.281, 5.050, 21.294, 5.048, 22.459, 4.896
1158, 21.248, 5.055, 21.262, 5.053, 22.429, 4.900
1159, 21.216, 5.059, 21.230, 5.057, 22.398, 4.904
1160, 21.184, 5.063, 21.198, 5.061, 22.368, 4.908
1161, 21.151, 5.068, 21.165, 5.066, 22.338, 4.912
1162, 21.118, 5.072, 21.132, 5.070, 22.307, 4.915
1163, 21.086, 5.076, 21.099, 5.075, 22.276, 4.919
1164, 21.053, 5.081, 21.067, 5.079, 22.246, 4.923
1165, 21.020, 5.085, 21.034, 5.083, 22.216, 4.927
1166, 20.987, 5.090, 21.001, 5.088, 22.185, 4.931
1167, 20.954, 5.094, 20.968, 5.092, 22.155, 4.935
1168, 20.922, 5.098, 20.935, 5.096, 22.125, 4.939
1169, 20.889, 5.103, 20.903, 5.101, 22.095, 4.943
1170, 20.857, 5.107, 20.870, 5.105, 22.064, 4.947
1171, 20.825, 5.111, 20.838, 5.109, 22.034, 4.950
1172, 20.794, 5.116, 20.807, 5.114, 22.004, 4.954
1173, 20.763, 5.120, 20.775, 5.118, 21.974, 4.958
1174, 20.731, 5.124, 20.744, 5.123, 21.945, 4.962
1175, 20.701, 5.129, 20.713, 5.127, 21.914, 4.966
1176, 20.670, 5.133, 20.682, 5.131, 21.884, 4.970
1177, 20.639, 5.137, 20.651, 5.136, 21.855, 4.974
1178, 20.609, 5.142, 20.620, 5.140, 21.825, 4.978
1179, 20.578, 5.146, 20.590, 5.144, 21.795, 4.982
1180, 20.548, 5.150, 20.559, 5.149, 21.765, 4.986
1181, 20.517, 5.155, 20.528, 5.153, 21.734, 4.990
1182, 20.487, 5.159, 20.498, 5.157, 21.704, 4.994
1183, 20.456, 5.163, 20.467, 5.162, 21.674, 4.998
1184, 20.425, 5.168, 20.437, 5.166, 21.643, 5.002
1185, 20.395, 5.172, 20.407, 5.171, 21.613, 5.006
1186, 20.364, 5.176, 20.375, 5.175, 21.582, 5.010
1187, 20.334, 5.181, 20.345, 5.179, 21.552, 5.014
1188, 20.303, 5.185, 20.314, 5.184, 21.521, 5.018
1189, 20.273, 5.190, 20.284, 5.188, 21.491, 5.022
1190, 20.243, 5.194, 20.254, 5.192, 21.461, 5.026
1191, 20.213, 5.198, 20.224, 5.197, 21.431, 5.030
1192, 20.183, 5.203, 20.194, 5.201, 21.400, 5.034
1193, 20.154, 5.207, 20.164, 5.205, 21.371, 5.038
1194, 20.124, 5.211, 20.135, 5.210, 21.341, 5.042
1195, 20.095, 5.216, 20.105, 5.214, 21.311, 5.046
1196, 20.065, 5.220, 20.075, 5.219, 21.281, 5.050
1197, 20.036, 5.224, 20.046, 5.223, 21.250, 5.054
1198, 20.007, 5.229, 20.017, 5.227, 21.221, 5.058
1199, 19.978, 5.233, 19.988, 5.232, 21.191, 5.062
1200, 19.948, 5.238, 19.958, 5.236, 21.160, 5.066
1201, 19.919, 5.242, 19.930, 5.240, 21.129, 5.070
1202, 19.889, 5.246, 19.900, 5.245, 21.099, 5.075
1203, 19.860, 5.251, 19.870, 5.249, 21.069, 5.079
1204, 19.830, 5.255, 19.841, 5.253, 21.038, 5.083
1205, 19.799, 5.260, 19.811, 5.258, 21.007, 5.087
1206, 19.769, 5.264, 19.780, 5.262, 20.976, 5.091
1207, 19.739, 5.268, 19.751, 5.267, 20.945, 5.095
1208, 19.708, 5.273, 19.720, 5.271, 20.915, 5.099
1209, 19.677, 5.277, 19.689, 5.275, 20.884, 5.103
1210, 19.647, 5.281, 19.658, 5.280, 20.853, 5.107
1211, 19.616, 5.286, 19.628, 5.284, 20.822, 5.112
1212, 19.585, 5.290, 19.597, 5.288, 20.793, 5.116
1213, 19.554, 5.294, 19.566, 5.293, 20.763, 5.120
1214, 19.523, 5.299, 19.535, 5.297, 20.733, 5.124
1215, 19.492, 5.303, 19.504, 5.301, 20.704, 5.128
1216, 19.461, 5.308, 19.473, 5.306, 20.674, 5.132
1217, 19.430, 5.312, 19.442, 5.310, 20.644, 5.137
1218, 19.398, 5.316, 19.411, 5.315, 20.615, 5.141
1219, 19.366, 5.321, 19.379, 5.319, 20.586, 5.145
1220, 19.334, 5.325, 19.348, 5.323, 20.556, 5.149
1221, 19.302, 5.330, 19.316, 5.328, 20.526, 5.153
1222, 19.269, 5.334, 19.283, 5.332, 20.497, 5.158
1223, 19.235, 5.338, 19.250, 5.336, 20.467, 5.162
1224, 19.202, 5.343, 19.217, 5.341, 20.437, 5.166
1225, 19.168, 5.347, 19.184, 5.345, 20.408, 5.170
1226, 19.133, 5.352, 19.149, 5.349, 20.378, 5.175
1227, 19.098, 5.356, 19.115, 5.354, 20.348, 5.179
1228, 19.063, 5.360, 19.081, 5.358, 20.318, 5.183
1229, 19.028, 5.365, 19.046, 5.363, 20.288, 5.187
1230, 18.993, 5.369, 19.011, 5.367, 20.259, 5.192
1231, 18.957, 5.374, 18.976, 5.371, 20.230, 5.196
1232, 18.922, 5.378, 18.941, 5.376, 20.200, 5.200
1233, 18.886, 5.382, 18.905, 5.380, 20.171, 5.204
1234, 18.850, 5.387, 18.870, 5.384, 20.142, 5.209
1235, 18.815, 5.391, 18.834, 5.389, 20.113, 5.213
1236, 18.779, 5.395, 18.798, 5.393, 20.083, 5.217
1237, 18.743, 5.400, 18.762, 5.397, 20.054, 5.222
1238, 18.707, 5.404, 18.727, 5.402, 20.025, 5.226
1239, 18.670, 5.409, 18.690, 5.406, 19.996, 5.230
1240, 18.634, 5.413, 18.654, 5.411, 19.968, 5.235
1241, 18.597, 5.418, 18.618, 5.415, 19.938, 5.239
1242, 18.560, 5.422, 18.582, 5.419, 19.909, 5.243
1243, 18.523, 5.426, 18.545, 5.424, 19.879, 5.248
1244, 18.486, 5.431, 18.508, 5.428, 19.850, 5.252
1245, 18.450, 5.435, 18.471, 5.432, 19.820, 5.256
1246, 18.413, 5.439, 18.435, 5.437, 19.790, 5.261
1247, 18.377, 5.444, 18.398, 5.441, 19.760, 5.265
1248, 18.341, 5.448, 18.362, 5.445, 19.730, 5.270
1249, 18.305, 5.452, 18.326, 5.450, 19.698, 5.274
1250, 18.269, 5.457, 18.290, 5.454, 19.668, 5.278
1251, 18.234, 5.461, 18.254, 5.459, 19.637, 5.283
1252, 18.200, 5.465, 18.219, 5.463, 19.606, 5.287
1253, 18.165, 5.470, 18.185, 5.467, 19.575, 5.291
1254, 18.131, 5.474, 18.150, 5.472, 19.544, 5.296
1255, 18.096, 5.478, 18.116, 5.476, 19.513, 5.300
1256, 18.062, 5.483, 18.081, 5.480, 19.481, 5.305
1257, 18.028, 5.487, 18.047, 5.485, 19.450, 5.309
1258, 17.994, 5.492, 18.014, 5.489, 19.419, 5.313
1259, 17.959, 5.496, 17.979, 5.493, 19.387, 5.318
1260, 17.925, 5.500, 17.945, 5.498, 19.354, 5.322
1261, 17.891, 5.505, 17.911, 5.502, 19.322, 5.327
1262, 17.856, 5.509, 17.877, 5.507, 19.289, 5.331
1263, 17.822, 5.514, 17.843, 5.511, 19.256, 5.336
1264, 17.788, 5.518, 17.808, 5.515, 19.222, 5.340
1265, 17.753, 5.522, 17.774, 5.520, 19.189, 5.344
1266, 17.719, 5.527, 17.740, 5.524, 19.154, 5.349
1267, 17.686, 5.531, 17.706, 5.528, 19.119, 5.353
1268, 17.652, 5.535, 17.672, 5.533, 19.085, 5.358
1269, 17.618, 5.540, 17.638, 5.537, 19.049, 5.362
1270, 17.585, 5.544, 17.605, 5.541, 19.013, 5.367
1271, 17.552, 5.549, 17.572, 5.546, 18.978, 5.371
1272, 17.518, 5.553, 17.539, 5.550, 18.942, 5.375
1273, 17.485, 5.557, 17.505, 5.555, 18.906, 5.380
1274, 17.452, 5.562, 17.473, 5.559, 18.870, 5.384
1275, 17.419, 5.566, 17.439, 5.563, 18.833, 5.389
1276, 17.385, 5.570, 17.406, 5.568, 18.797, 5.393
1277, 17.352, 5.575, 17.373, 5.572, 18.760, 5.398
1278, 17.318, 5.579, 17.340, 5.576, 18.724, 5.402
1279, 17.284, 5.584, 17.306, 5.581, 18.687, 5.407
1280, 17.250, 5.588, 17.272, 5.585, 18.649, 5.411
1281, 17.216, 5.592, 17.238, 5.589, 18.613, 5.416
1282, 17.182, 5.597, 17.205, 5.594, 18.575, 5.420
1283, 17.148, 5.601, 17.171, 5.598, 18.537, 5.425
1284, 17.115, 5.605, 17.137, 5.603, 18.499, 5.429
1285, 17.081, 5.610, 17.104, 5.607, 18.461, 5.434
1286, 17.048, 5.614, 17.070, 5.611, 18.423, 5.438
1287, 17.013, 5.619, 17.037, 5.616, 18.385, 5.443
1288, 16.982, 5.623, 17.003, 5.620, 18.349, 5.447
1289, 16.949, 5.627, 16.971, 5.624, 18.310, 5.452
1290, 16.916, 5.632, 16.938, 5.629, 18.273, 5.456
1291, 16.884, 5.636, 16.906, 5.633, 18.235, 5.461
1292, 16.852, 5.640, 16.873, 5.637, 18.200, 5.465
1293, 16.820, 5.645, 16.841, 5.642, 18.162, 5.470
1294, 16.789, 5.649, 16.810, 5.646, 18.126, 5.475
1295, 16.756, 5.654, 16.778, 5.651, 18.089, 5.479
1296, 16.726, 5.658, 16.746, 5.655, 18.053, 5.484
1297, 16.695, 5.662, 16.715, 5.659, 18.017, 5.489
1298, 16.664, 5.667, 16.684, 5.664, 17.980, 5.493
1299, 16.633, 5.671, 16.653, 5.668, 17.944, 5.498
1300, 16.603, 5.675, 16.623, 5.672, 17.908, 5.503
1301, 16.572, 5.680, 16.592, 5.677, 17.871, 5.507
1302, 16.542, 5.684, 16.562, 5.681, 17.834, 5.512
1303, 16.513, 5.688, 16.532, 5.685, 17.797, 5.517
1304, 16.483, 5.693, 16.502, 5.690, 17.760, 5.521
1305, 16.454, 5.697, 16.473, 5.694, 17.724, 5.526
1306, 16.426, 5.701, 16.444, 5.699, 17.687, 5.531
1307, 16.397, 5.706, 16.415, 5.703, 17.650, 5.536
1308, 16.370, 5.710, 16.387, 5.707, 17.613, 5.540
1309, 16.342, 5.714, 16.359, 5.712, 17.577, 5.545
1310, 16.315, 5.719, 16.331, 5.716, 17.541, 5.550
1311, 16.288, 5.723, 16.304, 5.720, 17.504, 5.555
1312, 16.262, 5.727, 16.278, 5.725, 17.468, 5.559
1313, 16.236, 5.732, 16.251, 5.729, 17.431, 5.564
1314, 16.210, 5.736, 16.225, 5.733, 17.394, 5.569
1315, 16.185, 5.740, 16.200, 5.738, 17.359, 5.574
1316, 16.159, 5.745, 16.174, 5.742, 17.321, 5.579
1317, 16.134, 5.749, 16.148, 5.746, 17.284, 5.584
1318, 16.108, 5.753, 16.123, 5.751, 17.246, 5.588
1319, 16.083, 5.758, 16.097, 5.755, 17.209, 5.593
1320, 16.058, 5.762, 16.072, 5.760, 17.171, 5.598
1321, 16.033, 5.766, 16.047, 5.764, 17.134, 5.603
1322, 16.008, 5.771, 16.022, 5.768, 17.096, 5.608
1323, 15.983, 5.775, 15.998, 5.773, 17.059, 5.613
1324, 15.958, 5.780, 15.973, 5.777, 17.021, 5.618
1325, 15.934, 5.784, 15.948, 5.781, 16.985, 5.623
1326, 15.910, 5.788, 15.924, 5.786, 16.947, 5.627
1327, 15.886, 5.793, 15.900, 5.790, 16.911, 5.632
1328, 15.863, 5.797, 15.876, 5.794, 16.874, 5.637
1329, 15.840, 5.801, 15.853, 5.799, 16.837, 5.642
1330, 15.817, 5.806, 15.830, 5.803, 16.801, 5.647
1331, 15.794, 5.810, 15.806, 5.808, 16.765, 5.652
1332, 15.772, 5.814, 15.784, 5.812, 16.729, 5.657
1333, 15.750, 5.819, 15.762, 5.816, 16.693, 5.662
1334, 15.729, 5.823, 15.740, 5.821, 16.657, 5.667
1335, 15.708, 5.827, 15.719, 5.825, 16.622, 5.672
1336, 15.687, 5.832, 15.698, 5.829, 16.586, 5.678
1337, 15.666, 5.836, 15.676, 5.834, 16.551, 5.683
1338, 15.645, 5.840, 15.655, 5.838, 16.516, 5.688
1339, 15.625, 5.845, 15.635, 5.842, 16.481, 5.693
1340, 15.605, 5.849, 15.615, 5.847, 16.447, 5.698
1341, 15.585, 5.853, 15.595, 5.851, 16.413, 5.703
1342, 15.565, 5.858, 15.575, 5.856, 16.380, 5.708
1343, 15.545, 5.862, 15.555, 5.860, 16.346, 5.714
1344, 15.525, 5.866, 15.535, 5.864, 16.314, 5.719
1345, 15.506, 5.871, 15.515, 5.869, 16.281, 5.724
1346, 15.486, 5.875, 15.496, 5.873, 16.249, 5.729
1347, 15.467, 5.880, 15.476, 5.877, 16.218, 5.735
1348, 15.448, 5.884, 15.457, 5.882, 16.187, 5.740
1349, 15.429, 5.888, 15.438, 5.886, 16.155, 5.745
1350, 15.410, 5.893, 15.419, 5.890, 16.124, 5.751
1351, 15.391, 5.897, 15.400, 5.895, 16.093, 5.756
1352, 15.373, 5.901, 15.382, 5.899, 16.063, 5.761
1353, 15.354, 5.906, 15.363, 5.904, 16.032, 5.767
1354, 15.336, 5.910, 15.345, 5.908, 16.001, 5.772
1355, 15.318, 5.914, 15.326, 5.912, 15.971, 5.777
1356, 15.301, 5.919, 15.309, 5.917, 15.940, 5.783
1357, 15.283, 5.923, 15.291, 5.921, 15.910, 5.788
1358, 15.266, 5.927, 15.274, 5.925, 15.880, 5.794
1359, 15.250, 5.932, 15.257, 5.930, 15.851, 5.799
1360, 15.233, 5.936, 15.241, 5.934, 15.822, 5.805
1361, 15.217, 5.940, 15.224, 5.938, 15.793, 5.810
1362, 15.201, 5.945, 15.207, 5.943, 15.765, 5.816
1363, 15.186, 5.949, 15.192, 5.947, 15.737, 5.821
1364, 15.170, 5.953, 15.177, 5.952, 15.711, 5.827
1365, 15.156, 5.958, 15.161, 5.956, 15.684, 5.832
1366, 15.141, 5.962, 15.147, 5.960, 15.656, 5.838
1367, 15.127, 5.966, 15.132, 5.965, 15.630, 5.843
1368, 15.113, 5.971, 15.118, 5.969, 15.605, 5.849
1369, 15.099, 5.975, 15.104, 5.973, 15.579, 5.855
1370, 15.086, 5.979, 15.091, 5.978, 15.553, 5.860
1371, 15.073, 5.984, 15.077, 5.982, 15.527, 5.866
1372, 15.060, 5.988, 15.064, 5.986, 15.502, 5.872
1373, 15.047, 5.992, 15.051, 5.991, 15.477, 5.877
1374, 15.035, 5.997, 15.039, 5.995, 15.452, 5.883
1375, 15.023, 6.001, 15.027, 6.000, 15.427, 5.889
1376, 15.011, 6.005, 15.015, 6.004, 15.402, 5.894
1377, 14.999, 6.010, 15.003, 6.008, 15.378, 5.900
1378, 14.988, 6.014, 14.991, 6.013, 15.353, 5.906
1379, 14.977, 6.018, 14.980, 6.017, 15.329, 5.912
1380, 14.966, 6.023, 14.969, 6.021, 15.306, 5.917
1381, 14.955, 6.027, 14.958, 6.026, 15.282, 5.923
1382, 14.944, 6.031, 14.947, 6.030, 15.260, 5.929
1383, 14.934, 6.036, 14.937, 6.034, 15.238, 5.935
1384, 14.924, 6.040, 14.926, 6.039, 15.216, 5.941
1385, 14.914, 6.044, 14.916, 6.043, 15.195, 5.947
1386, 14.904, 6.049, 14.906, 6.048, 15.173, 5.952
1387, 14.894, 6.053, 14.896, 6.052, 15.154, 5.958
1388, 14.885, 6.057, 14.887, 6.056, 15.134, 5.964
1389, 14.876, 6.062, 14.878, 6.061, 15.115, 5.970
1390, 14.867, 6.066, 14.869, 6.065, 15.096, 5.976
1391, 14.858, 6.070, 14.860, 6.069, 15.078, 5.982
1392, 14.849, 6.075, 14.851, 6.074, 15.060, 5.988
1393, 14.841, 6.079, 14.843, 6.078, 15.043, 5.994
1394, 14.833, 6.083, 14.835, 6.082, 15.026, 6.000
1395, 14.824, 6.088, 14.826, 6.087, 15.009, 6.006
1396, 14.816, 6.092, 14.818, 6.091, 14.993, 6.012
1397, 14.808, 6.096, 14.810, 6.096, 14.978, 6.018
1398, 14.800, 6.101, 14.802, 6.100, 14.963, 6.024
1399, 14.793, 6.105, 14.794, 6.104, 14.947, 6.030
1400, 14.785, 6.110, 14.787, 6.109, 14.933, 6.036
1401, 14.778, 6.114, 14.779, 6.113, 14.919, 6.042
1402, 14.770, 6.118, 14.771, 6.117, 14.905, 6.048
1403, 14.763, 6.123, 14.764, 6.122, 14.891, 6.054
1404, 14.756, 6.127, 14.757, 6.126, 14.879, 6.060
1405, 14.749, 6.131, 14.750, 6.130, 14.866, 6.066
1406, 14.742, 6.136, 14.743, 6.135, 14.854, 6.072
1407, 14.735, 6.140, 14.736, 6.139, 14.842, 6.079
1408, 14.728, 6.144, 14.729, 6.144, 14.830, 6.085
1409, 14.722, 6.149, 14.723, 6.148, 14.818, 6.091
1410, 14.715, 6.153, 14.716, 6.152, 14.807, 6.097
1411, 14.709, 6.157, 14.710, 6.157, 14.796, 6.103
1412, 14.703, 6.162, 14.704, 6.161, 14.786, 6.109
1413, 14.697, 6.166, 14.698, 6.165, 14.775, 6.115
1414, 14.691, 6.170, 14.692, 6.170, 14.765, 6.121
1415, 14.685, 6.175, 14.686, 6.174, 14.755, 6.128
1416, 14.680, 6.179, 14.681, 6.178, 14.745, 6.134
1417, 14.674, 6.183, 14.675, 6.183, 14.735, 6.140
1418, 14.669, 6.188, 14.670, 6.187, 14.725, 6.146
1419, 14.664, 6.192, 14.665, 6.192, 14.716, 6.152
1420, 14.660, 6.196, 14.660, 6.196, 14.707, 6.159
1421, 14.655, 6.201, 14.656, 6.200, 14.699, 6.165
1422, 14.651, 6.205, 14.651, 6.205, 14.690, 6.171
1423, 14.647, 6.209, 14.647, 6.209, 14.682, 6.177
1424, 14.644, 6.214, 14.644, 6.213, 14.674, 6.183
1425, 14.640, 6.218, 14.640, 6.218, 14.667, 6.190
1426, 14.637, 6.222, 14.637, 6.222, 14.661, 6.196
1427, 14.634, 6.227, 14.634, 6.226, 14.654, 6.202
1428, 14.631, 6.231, 14.631, 6.231, 14.648, 6.208
1429, 14.629, 6.235, 14.629, 6.235, 14.643, 6.214
1430, 14.626, 6.240, 14.626, 6.240, 14.638, 6.221
1431, 14.624, 6.244, 14.624, 6.244, 14.634, 6.227
1432, 14.623, 6.248, 14.623, 6.248, 14.630, 6.233
1433, 14.621, 6.253, 14.621, 6.253, 14.626, 6.239
1434, 14.620, 6.257, 14.620, 6.257, 14.624, 6.246
1435, 14.619, 6.261, 14.619, 6.261, 14.621, 6.252
1436, 14.618, 6.266, 14.618, 6.266, 14.620, 6.258
1437, 14.617, 6.270, 14.617, 6.270, 14.618, 6.264
1438, 14.617, 6.274, 14.617, 6.274, 14.617, 6.271
1439, 14.617, 6.279, 14.617, 6.279, 14.617, 6.277
